% # columns="iteration, evaluation, min max(neg(.)) min(pos(.)) max correlation, correlation matrix principle axes lengths  (sorted square roots of eigenvalues of correlation matrix)", seed=5, Tue Feb  9 23:06:10 2021
1 40 -0.08664000333563905 -0.04850470738964091 0.20144972056384108 0.25541805189369715 0.8005809491486658 0.9944649554409499 1.0232186845975146 1.1502752365197573
2 80 -0.08664000333563905 -0.04850470738964091 0.20144972056384108 0.25541805189369715 0.8005809491486658 0.9944649554409499 1.0232186845975146 1.1502752365197573
3 120 -0.08664000333563905 -0.04850470738964091 0.20144972056384108 0.25541805189369715 0.8005809491486658 0.9944649554409499 1.0232186845975146 1.1502752365197573
4 160 -0.08664000333563905 -0.04850470738964091 0.20144972056384108 0.25541805189369715 0.8005809491486658 0.9944649554409499 1.0232186845975146 1.1502752365197573
5 200 -0.09919642737911985 -0.013900150289608932 0.12115339381684828 0.22922989039047884 0.8251922704167212 1.001017675560859 1.0386523622175026 1.1127545104465917
6 240 -0.09919642737911985 -0.013900150289608932 0.12115339381684828 0.22922989039047884 0.8251922704167212 1.001017675560859 1.0386523622175026 1.1127545104465917
7 280 -0.09919642737911985 -0.013900150289608932 0.12115339381684828 0.22922989039047884 0.8251922704167212 1.001017675560859 1.0386523622175026 1.1127545104465917
8 320 -0.09919642737911985 -0.013900150289608932 0.12115339381684828 0.22922989039047884 0.8251922704167212 1.001017675560859 1.0386523622175026 1.1127545104465917
9 360 -0.25397968067708176 -0.24429389458128123 0.2681405884027668 0.426685138202908 0.6296566381899744 0.8574963589120763 1.1087953392027492 1.2801583527822218
10 400 -0.25397968067708176 -0.24429389458128123 0.2681405884027668 0.426685138202908 0.6296566381899744 0.8574963589120763 1.1087953392027492 1.2801583527822218
11 440 -0.25397968067708176 -0.24429389458128123 0.2681405884027668 0.426685138202908 0.6296566381899744 0.8574963589120763 1.1087953392027492 1.2801583527822218
12 480 -0.25397968067708176 -0.24429389458128123 0.2681405884027668 0.426685138202908 0.6296566381899744 0.8574963589120763 1.1087953392027492 1.2801583527822218
13 520 -0.49619639139570504 -0.47320106469931333 0.5237866666850732 0.5282804636499356 0.48708077519231685 0.7011508677974188 1.0851014976441142 1.4469604413512762
14 560 -0.49619639139570504 -0.47320106469931333 0.5237866666850732 0.5282804636499356 0.48708077519231685 0.7011508677974188 1.0851014976441142 1.4469604413512762
15 600 -0.49619639139570504 -0.47320106469931333 0.5237866666850732 0.5282804636499356 0.48708077519231685 0.7011508677974188 1.0851014976441142 1.4469604413512762
16 640 -0.49619639139570504 -0.47320106469931333 0.5237866666850732 0.5282804636499356 0.48708077519231685 0.7011508677974188 1.0851014976441142 1.4469604413512762
17 680 -0.28491107263493654 -0.24141602414800056 0.10642506890442112 0.5423195848517725 0.6163799687326896 0.8661127567079062 1.1152112221615735 1.2752365885504575
18 720 -0.28491107263493654 -0.24141602414800056 0.10642506890442112 0.5423195848517725 0.6163799687326896 0.8661127567079062 1.1152112221615735 1.2752365885504575
19 760 -0.28491107263493654 -0.24141602414800056 0.10642506890442112 0.5423195848517725 0.6163799687326896 0.8661127567079062 1.1152112221615735 1.2752365885504575
20 800 -0.28491107263493654 -0.24141602414800056 0.10642506890442112 0.5423195848517725 0.6163799687326896 0.8661127567079062 1.1152112221615735 1.2752365885504575
21 840 -0.5099804063641974 -0.24840785440996083 0.2649358414549151 0.32866279785956487 0.5968543284382425 0.801163196732972 1.1503643557426015 1.2955941848673334
22 880 -0.5099804063641974 -0.24840785440996083 0.2649358414549151 0.32866279785956487 0.5968543284382425 0.801163196732972 1.1503643557426015 1.2955941848673334
23 920 -0.5099804063641974 -0.24840785440996083 0.2649358414549151 0.32866279785956487 0.5968543284382425 0.801163196732972 1.1503643557426015 1.2955941848673334
24 960 -0.5099804063641974 -0.24840785440996083 0.2649358414549151 0.32866279785956487 0.5968543284382425 0.801163196732972 1.1503643557426015 1.2955941848673334
25 1000 -0.5563564976583217 -0.4736023153667802 0.357965690032207 0.5163208872913636 0.5526432520280392 0.6859882239606759 1.0844853847245572 1.4310475334152883
26 1040 -0.5563564976583217 -0.4736023153667802 0.357965690032207 0.5163208872913636 0.5526432520280392 0.6859882239606759 1.0844853847245572 1.4310475334152883
27 1080 -0.5563564976583217 -0.4736023153667802 0.357965690032207 0.5163208872913636 0.5526432520280392 0.6859882239606759 1.0844853847245572 1.4310475334152883
28 1120 -0.5563564976583217 -0.4736023153667802 0.357965690032207 0.5163208872913636 0.5526432520280392 0.6859882239606759 1.0844853847245572 1.4310475334152883
29 1160 -0.43050099061956615 -0.3435735245936713 0.38925183663806384 0.3962229324853464 0.5356043214918834 0.7891374969771474 1.1439054029661997 1.3348672034058664
30 1200 -0.43050099061956615 -0.3435735245936713 0.38925183663806384 0.3962229324853464 0.5356043214918834 0.7891374969771474 1.1439054029661997 1.3348672034058664
31 1240 -0.43050099061956615 -0.3435735245936713 0.38925183663806384 0.3962229324853464 0.5356043214918834 0.7891374969771474 1.1439054029661997 1.3348672034058664
32 1280 -0.43050099061956615 -0.3435735245936713 0.38925183663806384 0.3962229324853464 0.5356043214918834 0.7891374969771474 1.1439054029661997 1.3348672034058664
33 1320 -0.5717761484311001 0.11807803589641225 0.2760629429206279 0.30271221015168226 0.5249916989529598 0.8419327882585484 1.1974707167261918 1.2576155130519555
34 1360 -0.5717761484311001 0.11807803589641225 0.2760629429206279 0.30271221015168226 0.5249916989529598 0.8419327882585484 1.1974707167261918 1.2576155130519555
35 1400 -0.5717761484311001 0.11807803589641225 0.2760629429206279 0.30271221015168226 0.5249916989529598 0.8419327882585484 1.1974707167261918 1.2576155130519555
36 1440 -0.5717761484311001 0.11807803589641225 0.2760629429206279 0.30271221015168226 0.5249916989529598 0.8419327882585484 1.1974707167261918 1.2576155130519555
37 1480 -0.5546606361959749 -0.01368696263402741 0.21951768393909463 0.2552159225657387 0.5828543613532976 0.9196608355029663 1.0933844110095627 1.2724053091899206
38 1520 -0.5546606361959749 -0.01368696263402741 0.21951768393909463 0.2552159225657387 0.5828543613532976 0.9196608355029663 1.0933844110095627 1.2724053091899206
39 1560 -0.5546606361959749 -0.01368696263402741 0.21951768393909463 0.2552159225657387 0.5828543613532976 0.9196608355029663 1.0933844110095627 1.2724053091899206
40 1600 -0.5546606361959749 -0.01368696263402741 0.21951768393909463 0.2552159225657387 0.5828543613532976 0.9196608355029663 1.0933844110095627 1.2724053091899206
