% # columns="iteration, evaluation, min max(neg(.)) min(pos(.)) max correlation, correlation matrix principle axes lengths  (sorted square roots of eigenvalues of correlation matrix)", seed=5, Tue Dec 15 13:38:20 2020
1 12 0.30486587131850984 0.30486587131850984 0.30486587131850984 0.30486587131850984 0.83374704118305 1.1423072578420002
2 24 0.30486587131850984 0.30486587131850984 0.30486587131850984 0.30486587131850984 0.83374704118305 1.1423072578420002
3 36 0.281317089019881 0.281317089019881 0.281317089019881 0.281317089019881 0.8477516800219972 1.1319527768506428
4 48 0.281317089019881 0.281317089019881 0.281317089019881 0.281317089019881 0.8477516800219972 1.1319527768506428
5 60 0.3394517780606249 0.3394517780606249 0.3394517780606249 0.3394517780606249 0.8127411777062703 1.1573468702427225
6 72 0.3394517780606249 0.3394517780606249 0.3394517780606249 0.3394517780606249 0.8127411777062703 1.1573468702427225
7 84 0.5594359225848211 0.5594359225848211 0.5594359225848211 0.5594359225848211 0.6637500112355397 1.248773767575545
8 96 0.5594359225848211 0.5594359225848211 0.5594359225848211 0.5594359225848211 0.6637500112355397 1.248773767575545
9 108 0.8046286373501467 0.8046286373501467 0.8046286373501467 0.8046286373501467 0.4420083287109571 1.3433646702776378
10 120 0.8046286373501467 0.8046286373501467 0.8046286373501467 0.8046286373501467 0.4420083287109571 1.3433646702776378
11 132 0.7814954895882079 0.7814954895882079 0.7814954895882079 0.7814954895882079 0.46744466026663745 1.3347267471614583
12 144 0.7814954895882079 0.7814954895882079 0.7814954895882079 0.7814954895882079 0.46744466026663745 1.3347267471614583
13 156 0.7459836629947441 0.7459836629947441 0.7459836629947441 0.7459836629947441 0.5040003343305002 1.321356750841628
14 168 0.7459836629947441 0.7459836629947441 0.7459836629947441 0.7459836629947441 0.5040003343305002 1.321356750841628
15 180 0.7626732350684851 0.7626732350684851 0.7626732350684851 0.7626732350684851 0.48716194938799867 1.3276570472333904
16 192 0.7626732350684851 0.7626732350684851 0.7626732350684851 0.7626732350684851 0.48716194938799867 1.3276570472333904
17 204 0.6232384664820722 0.6232384664820722 0.6232384664820722 0.6232384664820722 0.6138090366864337 1.2740637607600618
18 216 0.6232384664820722 0.6232384664820722 0.6232384664820722 0.6232384664820722 0.6138090366864337 1.2740637607600618
19 228 0.660782702201006 0.660782702201006 0.660782702201006 0.660782702201006 0.5824236411745267 1.2887135842385637
20 240 0.660782702201006 0.660782702201006 0.660782702201006 0.660782702201006 0.5824236411745267 1.2887135842385637
21 252 0.8050476664312339 0.8050476664312339 0.8050476664312339 0.8050476664312339 0.44153406841235504 1.3435206237461463
22 264 0.8050476664312339 0.8050476664312339 0.8050476664312339 0.8050476664312339 0.44153406841235504 1.3435206237461463
23 276 0.8122610741668416 0.8122610741668416 0.8122610741668416 0.8122610741668416 0.4332885018473932 1.3462024640323764
24 288 0.8122610741668416 0.8122610741668416 0.8122610741668416 0.8122610741668416 0.4332885018473932 1.3462024640323764
25 300 0.7404854464552642 0.7404854464552642 0.7404854464552642 0.7404854464552642 0.509425709544322 1.3192745909988808
26 312 0.7404854464552642 0.7404854464552642 0.7404854464552642 0.7404854464552642 0.509425709544322 1.3192745909988808
27 324 0.7365742843888636 0.7365742843888636 0.7365742843888636 0.7365742843888636 0.513250149158416 1.317791441916688
28 336 0.7365742843888636 0.7365742843888636 0.7365742843888636 0.7365742843888636 0.513250149158416 1.317791441916688
29 348 0.7470816443118092 0.7470816443118092 0.7470816443118092 0.7470816443118092 0.5029098882386296 1.3217721605147421
30 360 0.7470816443118092 0.7470816443118092 0.7470816443118092 0.7470816443118092 0.5029098882386296 1.3217721605147421
31 372 0.7974433688926419 0.7974433688926419 0.7974433688926419 0.7974433688926419 0.45006291905394524 1.3406876477735752
32 384 0.7974433688926419 0.7974433688926419 0.7974433688926419 0.7974433688926419 0.45006291905394524 1.3406876477735752
33 396 0.8111113978532538 0.8111113978532538 0.8111113978532538 0.8111113978532538 0.4346131637982751 1.3457753890799362
34 408 0.8111113978532538 0.8111113978532538 0.8111113978532538 0.8111113978532538 0.4346131637982751 1.3457753890799362
35 420 0.8178346366826743 0.8178346366826743 0.8178346366826743 0.8178346366826743 0.4268083449480877 1.3482709804348214
36 432 0.8178346366826743 0.8178346366826743 0.8178346366826743 0.8178346366826743 0.4268083449480877 1.3482709804348214
37 444 0.8041071500876611 0.8041071500876611 0.8041071500876611 0.8041071500876611 0.4425978421912369 1.3431705588225424
38 456 0.8041071500876611 0.8041071500876611 0.8041071500876611 0.8041071500876611 0.4425978421912369 1.3431705588225424
39 468 0.7420655512570797 0.7420655512570797 0.7420655512570797 0.7420655512570797 0.5078724729131519 1.3198733087903096
40 480 0.7420655512570797 0.7420655512570797 0.7420655512570797 0.7420655512570797 0.5078724729131519 1.3198733087903096
