% # columns="iteration, evaluation, min max(neg(.)) min(pos(.)) max correlation, correlation matrix principle axes lengths  (sorted square roots of eigenvalues of correlation matrix)", seed=5, Thu Jan  7 14:36:16 2021
1 30 -0.027607420222004367 0.002865423696680091 0.18728274002269968 0.21828233487935506 0.8667574246551335 1.0099361446999886 1.1084947227811799
2 60 -0.03129712591743805 0.030305934949073236 0.3144661212683979 0.3475831225083282 0.8667574246551335 1.0099361446999886 1.1084947227811799
3 90 -0.0005883733721175426 0.08453344908866874 0.34596935140167956 0.34799282971189693 0.8667574246551335 1.0099361446999886 1.1084947227811799
4 120 -0.1321128319035218 -0.05360855138497207 0.318155460024913 0.36357251664299167 0.7286796841768223 1.0494404524757832 1.1694873469069216
5 150 -0.4089042185279905 -0.30620256934383 0.30371492433420866 0.404319106376061 0.7286796841768223 1.0494404524757832 1.1694873469069216
6 180 -0.5615027556757749 -0.40423133813509515 0.2852601706315931 0.35781925601314274 0.7286796841768223 1.0494404524757832 1.1694873469069216
7 210 -0.6819866007677309 -0.5652879477009297 0.334224915576214 0.517363883601794 0.48854215851528515 0.8909752970176361 1.402672299383417
8 240 -0.7200908719806374 -0.6351473275861175 0.3354445056545646 0.5740315723402721 0.48854215851528515 0.8909752970176361 1.402672299383417
9 270 -0.7510942352879716 -0.6957429014319696 0.3643364231826481 0.6623448641981854 0.48854215851528515 0.8909752970176361 1.402672299383417
10 300 -0.7198334356996828 -0.6837441768284299 0.313860657130974 0.6103063429128557 0.5268633022690279 0.6707814197506512 1.507470513024874
11 330 -0.7644712648482046 -0.7488517876704037 0.3222400305134999 0.6636511593970003 0.5268633022690279 0.6707814197506512 1.507470513024874
12 360 -0.8143550060329656 -0.7948625951398974 0.3163807149840874 0.6673027407990142 0.5268633022690279 0.6707814197506512 1.507470513024874
13 390 -0.7868455296576187 -0.7362206055190857 0.24129323726644633 0.5165062607230908 0.4555497862208801 0.7256388027615991 1.5052982163680468
14 420 -0.8357229676545155 -0.7609023758116611 0.1751878046724495 0.4123972729909651 0.4555497862208801 0.7256388027615991 1.5052982163680468
15 450 -0.8685510581153311 -0.7612083911358187 0.12360111685290066 0.3111949525362948 0.4555497862208801 0.7256388027615991 1.5052982163680468
16 480 -0.8302285950587762 -0.7025479112145382 -0.06695093098459394 0.017234045247816236 0.3407033590119287 0.9942076128273785 1.3767615783984077
17 510 -0.8539942088842165 -0.7016442015592641 -0.059158882388019654 0.0026528833441095156 0.3407033590119287 0.9942076128273785 1.3767615783984077
18 540 -0.893360651485049 -0.6990845448222486 -0.011631176288047978 0.02324383989388513 0.3407033590119287 0.9942076128273785 1.3767615783984077
19 570 -0.8850715669810161 -0.7296658971917279 -0.011324928780032745 0.07271639090124404 0.3067971208030883 0.9800034349506707 1.3948006288182637
20 600 -0.9133547754101526 -0.8216809654193075 0.1458644312977642 0.3767057535459428 0.3067971208030883 0.9800034349506707 1.3948006288182637
21 630 -0.9509535000073189 -0.8947162234374255 0.2960150354345077 0.636688178488592 0.3067971208030883 0.9800034349506707 1.3948006288182637
22 660 -0.9627117798358197 -0.9106777922464404 0.32177082847794924 0.6805530477966998 0.17607675905342002 0.6034654269432718 1.6139474754171583
23 690 -0.9708819064009546 -0.9192263834720997 0.3376500956204156 0.7049533990557324 0.17607675905342002 0.6034654269432718 1.6139474754171583
24 720 -0.967806796125146 -0.892720480231153 0.2729969110881136 0.5864830589672094 0.17607675905342002 0.6034654269432718 1.6139474754171583
25 750 -0.9585050705077522 -0.8304868408620781 0.1423263202541893 0.3385791443139377 0.18513583107711906 0.8675575065574113 1.487638631142413
26 780 -0.9382668596579106 -0.7222251207291459 -0.06817428492097788 -0.06619907858035314 0.18513583107711906 0.8675575065574113 1.487638631142413
27 810 -0.9342651245690624 -0.8242722664496417 0.16916707648397444 0.3903206660090925 0.18513583107711906 0.8675575065574113 1.487638631142413
28 840 -0.9451194258732044 -0.8395525361820859 0.22299849788980086 0.4716152862226446 0.23014416453573597 0.7919077371350493 1.5231269807195305
29 870 -0.954779432365484 -0.9058243714684634 0.32735721328855527 0.6894626806438743 0.23014416453573597 0.7919077371350493 1.5231269807195305
30 900 -0.9616612126245847 -0.9279048461402151 0.3614356552278255 0.7574594558661362 0.23014416453573597 0.7919077371350493 1.5231269807195305
31 930 -0.9509438371846528 -0.9221135698503744 0.33002177576598957 0.7185699569704991 0.17045666399171167 0.545213995000603 1.6351410414261824
32 960 -0.9229443851952627 -0.9007974503310998 0.27670433276439643 0.647057992265399 0.17045666399171167 0.545213995000603 1.6351410414261824
33 990 -0.894823897865591 -0.8792570856502443 0.23346395992277916 0.5888041628984402 0.17045666399171167 0.545213995000603 1.6351410414261824
34 1020 -0.8112188082346384 -0.8042421877398472 0.0747399725178971 0.3607574054423541 0.19535204138393095 0.7997001333999922 1.5239151146199599
35 1050 -0.8134422854146236 -0.7818365384458047 -0.019394715369900062 0.203146812019916 0.19535204138393095 0.7997001333999922 1.5239151146199599
36 1080 -0.8863593145060966 -0.850311530755154 0.11663413320266316 0.40290157077099276 0.19535204138393095 0.7997001333999922 1.5239151146199599
37 1110 -0.8906631863999915 -0.8730645761937483 0.18453571034779334 0.5194705289887307 0.13822166108101344 0.695194391667381 1.5803795525766038
38 1140 -0.8652196286032208 -0.8435819479380677 0.1290331627029685 0.43160051891816087 0.13822166108101344 0.695194391667381 1.5803795525766038
39 1170 -0.758468520696504 -0.7506047528554939 -0.04650952644828965 0.18032511451310168 0.13822166108101344 0.695194391667381 1.5803795525766038
40 1200 -0.8245718321157198 -0.8207256237229399 0.12316887574731455 0.4339541671779529 0.20347443689033218 0.7524314098088436 1.5467530918233974
41 1230 -0.7966961369280254 -0.786848253881767 0.09176189939143489 0.3747840674362437 0.20347443689033218 0.7524314098088436 1.5467530918233974
42 1260 -0.8301095854579387 -0.8138204071811025 0.1452991500255734 0.44871649081762915 0.20347443689033218 0.7524314098088436 1.5467530918233974
43 1290 -0.8115845377057248 -0.7878447850278981 0.11488829297624273 0.3920595662997963 0.304337934012677 0.7823081297911658 1.5150486500385205
44 1320 -0.7663032513643909 -0.7538317176283764 0.11200492237374832 0.3881456019717754 0.304337934012677 0.7823081297911658 1.5150486500385205
45 1350 -0.7322073523908581 -0.7187966992719965 0.10432076647072924 0.3652826019327762 0.304337934012677 0.7823081297911658 1.5150486500385205
46 1380 -0.7577491039936266 -0.757712358390935 0.18854812203469223 0.5039315365738763 0.3888758744483995 0.7043212906267756 1.5338536676755794
47 1410 -0.7721545923799681 -0.7686533244752733 0.26260088735844667 0.6028510233983253 0.3888758744483995 0.7043212906267756 1.5338536676755794
48 1440 -0.854170416117169 -0.8470845745927686 0.3972261144314108 0.8049105025817368 0.3888758744483995 0.7043212906267756 1.5338536676755794
49 1470 -0.8570357780976707 -0.820667728422813 0.38261638766999717 0.7473430433594094 0.37455981248053183 0.5603936173034539 1.5955136917494936
50 1500 -0.6697449205120277 -0.6483452659228836 0.42396198413883557 0.7599980795702644 0.37455981248053183 0.5603936173034539 1.5955136917494936
51 1530 -0.3475553954799082 -0.32540689722388494 0.5694838898001939 0.845632320552197 0.37455981248053183 0.5603936173034539 1.5955136917494936
52 1560 -0.013009070881833347 0.006766792583334862 0.6824603990508764 0.8879157377415554 0.32950175510578134 1.0009623647666497 1.374591916789476
53 1590 0.33203632553008566 0.3555840312799695 0.8039433207033009 0.9298487114278609 0.32950175510578134 1.0009623647666497 1.374591916789476
54 1620 0.3701416288018617 0.3851584308879932 0.7866602748153527 0.9054774207050077 0.32950175510578134 1.0009623647666497 1.374591916789476
55 1650 0.39186851753449914 0.39967092355352607 0.7571284271406655 0.8684785223173517 0.3616673354644825 0.8446068358991888 1.468276551338467
56 1680 0.23272974753433248 0.26484947811271276 0.6989447825194589 0.8115234867433273 0.3616673354644825 0.8446068358991888 1.468276551338467
57 1710 0.005595749660869809 0.05695026641799006 0.6202291812089102 0.7566343027154301 0.3616673354644825 0.8446068358991888 1.468276551338467
58 1740 -0.11413719713341122 -0.01332065271365064 0.6074563885684859 0.7135655245761042 0.43055356942150635 1.0385285478507915 1.3176046748389012
59 1770 -0.28187510005485517 -0.11891005042464527 0.5099919983552471 0.5566609649850014 0.43055356942150635 1.0385285478507915 1.3176046748389012
60 1800 -0.514391332855226 -0.3240184016891289 0.36265678615986613 0.4011755842767673 0.43055356942150635 1.0385285478507915 1.3176046748389012
61 1830 -0.5452064557103562 -0.361901860412988 0.35650629693844427 0.41267108742488673 0.4671822968632451 1.0861790051145495 1.2656839535784397
62 1860 -0.5592495043718949 -0.39944879166564484 0.4015945340306274 0.5088082632231347 0.4671822968632451 1.0861790051145495 1.2656839535784397
63 1890 -0.5684594396450017 -0.3760985433076405 0.3597453698636812 0.4126657779167605 0.4671822968632451 1.0861790051145495 1.2656839535784397
64 1920 -0.6718365028450438 -0.4597691630039443 0.31727537145907575 0.36422287643898293 0.39137401640965874 1.0702137728406405 1.3044036414015312
65 1950 -0.7549669904068432 -0.6128146166194252 0.40505766071696137 0.6021960460416721 0.39137401640965874 1.0702137728406405 1.3044036414015312
66 1980 -0.8794738157132663 -0.789279616679298 0.42835124754548015 0.7440340032531045 0.39137401640965874 1.0702137728406405 1.3044036414015312
67 2010 -0.8719814730799769 -0.7727223398088028 0.4128989589260075 0.7088469252331034 0.2769421452446439 0.7350018012457973 1.54372128324796
68 2040 -0.9278972013886928 -0.8727238110222346 0.45683212456368144 0.8448440460591953 0.2769421452446439 0.7350018012457973 1.54372128324796
69 2070 -0.9292134751603601 -0.8733127608487262 0.4651583534045589 0.8554146771773534 0.2769421452446439 0.7350018012457973 1.54372128324796
70 2100 -0.955382858277104 -0.9157335078207507 0.4777900347077535 0.9026485317609015 0.14344250248622445 0.4560026027615655 1.6647780256704396
71 2130 -0.9440026695421053 -0.8906383051914825 0.48190544641152067 0.8860556659285656 0.14344250248622445 0.4560026027615655 1.6647780256704396
72 2160 -0.9428819805072028 -0.8924988152096246 0.48299094916032215 0.8911043719860594 0.14344250248622445 0.4560026027615655 1.6647780256704396
73 2190 -0.8866142042995008 -0.8123571200859979 0.49815182959869797 0.8607310619467603 0.15497883911965518 0.641005893969365 1.601590772738673
74 2220 -0.8726644340680043 -0.7975805477496316 0.4994806314756721 0.8567504715657339 0.15497883911965518 0.641005893969365 1.601590772738673
75 2250 -0.8898660768082327 -0.8274316345424615 0.5046905581641346 0.886296846800562 0.15497883911965518 0.641005893969365 1.601590772738673
76 2280 -0.8698812417938329 -0.7930308654620988 0.5007305989326323 0.8551340440658084 0.17118444009139835 0.6615612342343548 1.5915503827491329
77 2310 -0.8868224259349116 -0.8281629452933054 0.5075462549801039 0.8941231744296342 0.17118444009139835 0.6615612342343548 1.5915503827491329
