% # columns="iter, evals, sigma, 0, fitness, xbest" seed=5, Thu Jan  7 14:36:16 2021, <python>{}</python>
1 30 1.9073419224834922 0 -413.5 5.340260084441281 3.6144310160046484 5.590233320163144
2 60 2.1435808824475444 0 -401.0 4.666604799761483 3.327400489260265 4.881401221699057
3 90 1.9594879870557296 0 -440.0 5.265845292214929 8.043556070342433 4.43537922759639
4 120 1.571223119075105 0 -531.0 4.595051125243474 7.3630095125036 4.1517239545189195
5 150 1.4952541071910896 0 -658.5 5.262263940391412 2.5691166192626405 6.17781879066489
6 180 1.492663233025196 0 -604.5 4.471490970725111 2.376463066848838 5.501735476987525
7 210 1.6072188115114219 0 -563.5 5.27851523904668 1.9253397269013781 6.433160564109638
8 240 1.686306402532455 0 -632.0 5.494738114252116 0.5079095336201007 6.094168178337579
9 270 1.6622951149596326 0 -601.5 5.24187395011918 1.4067060952775614 6.5502856288493065
10 300 1.5328283260658606 0 -672.0 5.34902714795552 1.687706688983188 6.050556605934992
11 330 1.4545032887318627 0 -575.0 5.4392573446091514 0.13315216850218614 6.658537234046739
12 360 1.4157994604786563 0 -674.0 4.735182717142211 3.938669844847211 5.380309314350413
13 390 1.4466799323084703 0 -677.0 5.223990123014091 4.330601962795905 5.638542990969595
14 420 1.342592849004604 0 -587.0 5.40933175139619 0.8496189310143505 6.360416590696285
15 450 1.2377338830522422 0 -668.5 5.336345056154705 1.6628042011779876 6.066979930054978
16 480 1.064981791426736 0 -667.5 5.373167887888289 1.58296459595372 6.113978814741354
17 510 0.8918381150112215 0 -630.0 5.402965027470998 1.4049603856110875 6.259620955589759
18 540 0.7974131510194136 0 -630.0 5.3571843791286495 2.5046725987577987 5.7092615356730185
19 570 0.8014691422324848 0 -629.5 5.4173184952982885 2.438792291582298 5.603249440367071
20 600 0.7211858688567068 0 -681.5 5.341773554982648 1.7445920347819168 6.095293658010548
21 630 0.6517324457807314 0 -686.0 5.347710347937271 1.6923728885714018 6.115758583006741
22 660 0.5975024963520096 0 -693.5 5.347161340163058 1.8316630223984363 5.996056285649843
23 690 0.5971570074610275 0 -691.0 5.348416766367516 1.7681230439018023 6.020362395622209
24 720 0.5844567991172239 0 -694.5 5.355367075169398 1.8120012533428034 6.05816949964909
25 750 0.4795152351328505 0 -729.0 5.353164221813531 1.6932402187962425 6.108099751231821
26 780 0.4396643260680355 0 -700.0 5.3536952037287096 1.8116341899510906 6.019870196919452
27 810 0.4082633455773352 0 -708.0 5.365272800106484 1.5308732051567766 6.145363527942318
28 840 0.3395945637406117 0 -719.5 5.353616714634465 1.6453631766548185 6.09531279102892
29 870 0.3135445353557578 0 -706.0 5.364872015122015 1.5852184199302235 6.099615128567894
30 900 0.3049395100537741 0 -705.0 5.367345061146884 1.5740177199220167 6.105984246896599
31 930 0.264085728970692 0 -703.5 5.352317590224846 1.6858658748588489 6.077718382673923
32 960 0.22789873791311388 0 -706.0 5.354427671662367 1.6588105297810938 6.0936831378229614
33 990 0.1925627427938143 0 -706.5 5.366173064741167 1.5748159863103577 6.107064213959054
34 1020 0.16144188088013262 0 -719.5 5.354640229843032 1.6406157301780944 6.097919366562603
35 1050 0.14752832813303596 0 -711.0 5.354689141015532 1.6392145483658358 6.0977014265432485
36 1080 0.188413159217171 0 -694.0 5.363265559750065 1.6010540459062794 6.102446545704223
37 1110 0.26743358682770807 0 -707.0 5.3660631076673875 1.5820042640542222 6.1080694880232915
38 1140 0.23566160986915635 0 -694.5 5.365630032676729 1.577363766912441 6.111246351485461
39 1170 0.21503661555507333 0 -707.0 5.366242689936021 1.5748769639890927 6.109045403536056
40 1200 0.23700550968237946 0 -707.0 5.367074484930704 1.5731874243257957 6.11247441158335
41 1230 0.1909477067179346 0 -706.5 5.366724217664013 1.5777650134728496 6.107016528196117
42 1260 0.18451414234033983 0 -707.0 5.366380793696071 1.5760380323020238 6.108418080021737
43 1290 0.16452366757024772 0 -707.0 5.366076333495864 1.5775559096337224 6.10857049493486
44 1320 0.15612314723665244 0 -707.0 5.36558616044928 1.5882370426339785 6.105588597873696
45 1350 0.14674399130675478 0 -707.0 5.3660350932075485 1.585225917866524 6.106958211278275
46 1380 0.14286393134464742 0 -707.5 5.366779338359795 1.5740501341978475 6.113121481209492
47 1410 0.1345807223829174 0 -707.5 5.366765335237512 1.5754136852978213 6.112996387451185
48 1440 0.19795529290580238 0 -707.5 5.36686723429752 1.5752395863927227 6.113709585222701
49 1470 0.22226947387892598 0 -707.5 5.367219091832229 1.574966737892294 6.113647292127667
50 1500 0.23624593318480896 0 -707.5 5.367494126207224 1.577359926907402 6.115710382506578
51 1530 0.2870095995789478 0 -708.0 5.3676982959407535 1.5778769076258545 6.1175736415323625
52 1560 0.3800628073605111 0 -708.5 5.3682287100389035 1.5811887757699064 6.119286756705285
53 1590 0.6778307912911528 0 -721.0 5.369267284391969 1.5838022834919285 6.123100714855835
54 1620 0.8832493221112777 0 -722.0 5.368463605685285 1.5867230738832145 6.122986305983704
55 1650 1.0649348749673277 0 -722.5 5.36886409481203 1.5914459735969588 6.126112886140609
56 1680 1.110806489448928 0 -722.5 5.3683241651395175 1.5961094687194342 6.125808731598957
57 1710 0.9582124036153159 0 -728.0 5.368885773744805 1.5915797206703273 6.125776427237107
58 1740 0.9267099138083014 0 -727.0 5.368797322181555 1.5992755365369176 6.1279331891994975
59 1770 1.0059418273132437 0 -728.5 5.369041015733801 1.590018519073384 6.126544464870289
60 1800 1.235088911192703 0 -730.5 5.368664518511299 1.6056884859019276 6.126648264561209
61 1830 1.0487212007914133 0 -727.0 5.368954013644195 1.5952046532034407 6.127447996034773
62 1860 0.935895953699617 0 -727.0 5.368651017161081 1.607075491270453 6.129441757490438
63 1890 0.8999052222950059 0 -727.0 5.368790681141506 1.5997619386312971 6.127439348163238
64 1920 0.8339718049299575 0 -727.5 5.368722382961379 1.600655057976455 6.128175242693185
65 1950 0.7263028552408419 0 -730.5 5.368435015257898 1.6061514985999836 6.126424160503719
66 1980 0.8393508037564275 0 -730.5 5.3684207761569285 1.606323319573686 6.1261609745330485
67 2010 0.7743889907483281 0 -730.5 5.368411854498941 1.6057889258244205 6.126476021100875
68 2040 0.8045982597665333 0 -730.5 5.368339567600611 1.6070786302431506 6.125908523617606
69 2070 0.6777159361013005 0 -730.5 5.368376921264052 1.606059664112072 6.126330290338754
70 2100 0.7015983060153987 0 -730.5 5.3684250355480145 1.6065460974682924 6.126871211010113
71 2130 0.5569717247571045 0 -730.5 5.3683287976645415 1.6079974320493038 6.126400904538192
72 2160 0.5995862447669561 0 -730.5 5.368340754199115 1.607722808758277 6.1260620342248675
73 2190 0.5659386162002049 0 -730.5 5.3685103224228445 1.605744594565185 6.127179927088878
74 2220 0.47869437017097866 0 -730.5 5.3684374519462255 1.6060960098748451 6.126607565496831
75 2250 0.505296473691575 0 -730.5 5.368315872197864 1.6074792709543295 6.125991139114939
76 2280 0.45980764916406763 0 -730.5 5.368436105406992 1.605881281889704 6.126514168103875
77 2310 0.48487699176035803 0 -730.5 5.368313324060738 1.607563348676607 6.12596017884191
