1 41 -0.08122983706119122 -0.04406414812211977 0.06854204609377682 0.07020248824596893 0.9134189337151452 1.0014339571377755 1.0337146504675583 1.046054445251679
2 81 -0.08122983706119122 -0.04406414812211977 0.06854204609377682 0.07020248824596893 0.9134189337151452 1.0014339571377755 1.0337146504675583 1.046054445251679
3 121 -0.08122983706119122 -0.04406414812211977 0.06854204609377682 0.07020248824596893 0.9134189337151452 1.0014339571377755 1.0337146504675583 1.046054445251679
4 161 -0.08122983706119122 -0.04406414812211977 0.06854204609377682 0.07020248824596893 0.9134189337151452 1.0014339571377755 1.0337146504675583 1.046054445251679
5 201 0.02781410768284132 0.08393653853298105 0.28726715309886125 0.29230711436894513 0.7816418810059759 0.9372718815340036 1.0019517944232048 1.22745671679097
6 241 0.02781410768284132 0.08393653853298105 0.28726715309886125 0.29230711436894513 0.7816418810059759 0.9372718815340036 1.0019517944232048 1.22745671679097
7 281 0.02781410768284132 0.08393653853298105 0.28726715309886125 0.29230711436894513 0.7816418810059759 0.9372718815340036 1.0019517944232048 1.22745671679097
8 321 0.02781410768284132 0.08393653853298105 0.28726715309886125 0.29230711436894513 0.7816418810059759 0.9372718815340036 1.0019517944232048 1.22745671679097
9 361 0.10722159052982914 0.15557432365746907 0.24883675978965378 0.45059792666754267 0.7336349384659195 0.8716599670640239 1.0141053004974534 1.293668859632565
10 401 0.10722159052982914 0.15557432365746907 0.24883675978965378 0.45059792666754267 0.7336349384659195 0.8716599670640239 1.0141053004974534 1.293668859632565
11 441 0.10722159052982914 0.15557432365746907 0.24883675978965378 0.45059792666754267 0.7336349384659195 0.8716599670640239 1.0141053004974534 1.293668859632565
12 481 0.10722159052982914 0.15557432365746907 0.24883675978965378 0.45059792666754267 0.7336349384659195 0.8716599670640239 1.0141053004974534 1.293668859632565
13 521 -0.17868935109121964 -0.0633089593402634 0.44859008941931 0.49526967878035627 0.5171871537944945 0.835292050235432 1.2134997263811025 1.249889216225353
14 561 -0.17868935109121964 -0.0633089593402634 0.44859008941931 0.49526967878035627 0.5171871537944945 0.835292050235432 1.2134997263811025 1.249889216225353
15 601 -0.17868935109121964 -0.0633089593402634 0.44859008941931 0.49526967878035627 0.5171871537944945 0.835292050235432 1.2134997263811025 1.249889216225353
