1 41 0.29645267887828725 0 0 0.2044908909636238 0.24841084643195102 0.313700283543109 0.28634508520669727
2 81 0.28316047117073595 0 0 0.1577240479560781 0.2240137770787801 0.2938866492327404 0.25675136925896486
3 121 0.3081122436386099 0 0 0.13873752679054405 0.2651778609177839 0.30334705856010313 0.25876350264058995
4 161 0.3600595586836458 0 0 0.13627925673802424 0.3470325477110452 0.30277397558952046 0.30765514976105834
5 201 0.32376665202274213 0 0 0.10054497763470928 0.30795246724549796 0.22215858735751803 0.24470770647684817
6 241 0.28527584901008646 0 0 0.08135902103401035 0.2408673380851183 0.16452055883356054 0.19453289796236453
7 281 0.2585404411862372 0 0 0.06485868873813573 0.18761900663135822 0.13278781259259317 0.15505726178859555
8 321 0.27872397699133544 0 0 0.060741133122116785 0.2161242014204636 0.12862810941457864 0.16227172273980672
9 361 0.27225568951087287 0 0 0.05234159649265614 0.1893099724096405 0.128331146000523 0.1415152548361096
10 401 0.24042693339600685 0 0 0.03806915506710848 0.1382247393887411 0.11003467544060513 0.1091167313855916
11 441 0.24015800177818505 0 0 0.029392755152942582 0.1309879706510942 0.10668543247494944 0.09017796435022939
12 481 0.19914680965639137 0 0 0.01904492399288382 0.09697438282204135 0.08830452600790248 0.06887373784129841
13 521 0.21404096477731813 0 0 0.021367983675798136 0.10878628011795126 0.09868495300387074 0.08284219906034201
14 561 0.2312314478802418 0 0 0.01910865838070192 0.11273352392769141 0.08768135352077108 0.08155009678604958
15 601 0.23132246839411985 0 0 0.018101512035090975 0.09511348001925045 0.08915884558282691 0.06881699237551676
