% # columns="iteration, evaluation, min max(neg(.)) min(pos(.)) max correlation, correlation matrix principle axes lengths  (sorted square roots of eigenvalues of correlation matrix)", seed=5, Tue Feb  9 23:06:00 2021
1 40 -0.27824845004922355 -0.21799986417143663 0.10096650051859536 0.11480852352823674 0.8282622338255838 0.9429464217037832 0.989686172254091 1.2022291787605766
2 80 -0.3135086692250904 -0.2574681805292646 0.10096508723634738 0.12013146287725074 0.8282622338255838 0.9429464217037832 0.989686172254091 1.2022291787605766
3 120 -0.36848810151657707 -0.1633201476460741 0.07484668348256515 0.11743312424627642 0.8282622338255838 0.9429464217037832 0.989686172254091 1.2022291787605766
4 160 -0.39080337811341137 -0.16313104402893278 0.08926735375603498 0.10606981276769198 0.8282622338255838 0.9429464217037832 0.989686172254091 1.2022291787605766
5 200 -0.45869640764697833 -0.2051257350653685 0.11813381460814167 0.15021125727951076 0.707592209336187 0.9015022488198523 1.0634475505883767 1.247271529301886
6 240 -0.5247503207907349 -0.2224022951671288 0.05503731832957272 0.1600012851557933 0.707592209336187 0.9015022488198523 1.0634475505883767 1.247271529301886
7 280 -0.5260170125335353 -0.4279081704047846 0.03638529398153437 0.12399245105072454 0.707592209336187 0.9015022488198523 1.0634475505883767 1.247271529301886
8 320 -0.4959121339234207 -0.4508506339590337 -0.07551214679494722 0.10837359202743332 0.707592209336187 0.9015022488198523 1.0634475505883767 1.247271529301886
9 360 -0.3913540219479042 -0.31031569937981707 0.031334241232281755 0.03583670118998821 0.7067732215651407 0.8936811104841008 1.0658018880125546 1.2513480816907856
10 400 -0.26559741199752757 -0.23212498646755034 -0.08478374513087399 0.0024741837267752433 0.7067732215651407 0.8936811104841008 1.0658018880125546 1.2513480816907856
11 440 -0.37001744792672486 -0.26554005034695755 -0.06586864126046117 0.03425243603202706 0.7067732215651407 0.8936811104841008 1.0658018880125546 1.2513480816907856
12 480 -0.38823450703225904 -0.26851070843822133 0.00457150068600772 0.21507953394659152 0.7067732215651407 0.8936811104841008 1.0658018880125546 1.2513480816907856
13 520 -0.3009883876580781 -0.08603439759243199 0.05347498821868493 0.17524952101763694 0.809512686961416 0.976785784005723 1.0029674405756013 1.176705169087848
14 560 -0.08765728218563923 -0.025184961475587762 0.1814417786616603 0.19975318748648946 0.809512686961416 0.976785784005723 1.0029674405756013 1.176705169087848
15 600 -0.15774473970193353 -0.10438444871946836 0.1837082074052307 0.1958706578447518 0.809512686961416 0.976785784005723 1.0029674405756013 1.176705169087848
16 640 -0.09396976821687614 0.016000341925204543 0.19562025946648579 0.2254430763479225 0.809512686961416 0.976785784005723 1.0029674405756013 1.176705169087848
17 680 -0.2517956848486785 -0.16980642494042109 0.05417821121812666 0.08836395712975997 0.8491899545771336 0.9074480319565758 1.0358727574792528 1.1757474731657955
18 720 -0.41460143912628467 -0.1941535556006752 0.10473760483190088 0.2001607033751095 0.8491899545771336 0.9074480319565758 1.0358727574792528 1.1757474731657955
19 760 -0.3777788608824961 -0.308665192105482 0.1507027865479764 0.17059812934707946 0.8491899545771336 0.9074480319565758 1.0358727574792528 1.1757474731657955
20 800 -0.4466139993567042 -0.2943694849642577 0.17721076783588116 0.30450137172831676 0.8491899545771336 0.9074480319565758 1.0358727574792528 1.1757474731657955
21 840 -0.4334623785964808 -0.07610906357977734 0.06958146524327824 0.25954894187225575 0.7248510074345677 0.9301849895204086 1.0331018985689995 1.2417919992756992
22 880 -0.37174635517303645 -0.20437337107809386 0.07262071241573126 0.21414427292067958 0.7248510074345677 0.9301849895204086 1.0331018985689995 1.2417919992756992
23 920 -0.414009046328737 -0.17528831422847596 0.1571801567112813 0.28342520593815246 0.7248510074345677 0.9301849895204086 1.0331018985689995 1.2417919992756992
24 960 -0.46534357586862685 -0.3121835439082104 0.10034738899777122 0.11534072910185944 0.7248510074345677 0.9301849895204086 1.0331018985689995 1.2417919992756992
25 1000 -0.3880534418369917 -0.12529504966279778 0.009918968431658848 0.1178765463195057 0.7753815564642548 0.9347310596383562 1.0486265154896282 1.1939194776259017
26 1040 -0.27651807263167255 -0.044500553937690396 0.03857258420928832 0.07180905408015756 0.7753815564642548 0.9347310596383562 1.0486265154896282 1.1939194776259017
27 1080 -0.24257512345240603 -0.2424085569631207 0.021423670030736065 0.08752512231850357 0.7753815564642548 0.9347310596383562 1.0486265154896282 1.1939194776259017
28 1120 -0.2500947163316629 -0.20554819009474953 0.02412135268933799 0.14494114114595053 0.7753815564642548 0.9347310596383562 1.0486265154896282 1.1939194776259017
29 1160 -0.25594641395877316 -0.12278867423968566 0.05734997947442018 0.16867401960378484 0.8277811977859133 0.9134877671592421 1.0772964018982443 1.1488040957011065
30 1200 -0.21971735862311906 -0.20455128448352913 0.0962496749727974 0.23416295422445296 0.8277811977859133 0.9134877671592421 1.0772964018982443 1.1488040957011065
31 1240 -0.2642349770920486 -0.18739233222345286 0.19734328482178665 0.23352640743128594 0.8277811977859133 0.9134877671592421 1.0772964018982443 1.1488040957011065
32 1280 -0.22832603965739312 -0.17936413750157634 0.1612053418665096 0.21243832021556755 0.8277811977859133 0.9134877671592421 1.0772964018982443 1.1488040957011065
33 1320 -0.14659701072431525 -0.11674596880947283 0.1584780894861736 0.2129584519082585 0.8074031951988071 0.9458133019982863 1.0947357814227627 1.1203083713953708
34 1360 -0.21474938645917516 -0.17503395627611879 0.12357016631818071 0.16460422312286033 0.8074031951988071 0.9458133019982863 1.0947357814227627 1.1203083713953708
35 1400 -0.16910792149931936 -0.1395003106528777 0.14765882670434638 0.20796202345005482 0.8074031951988071 0.9458133019982863 1.0947357814227627 1.1203083713953708
36 1440 -0.35772533003927776 0.05326227170719365 0.12234170176738147 0.12243334263478736 0.8074031951988071 0.9458133019982863 1.0947357814227627 1.1203083713953708
37 1480 -0.47575117541811557 -0.20996203736674007 0.21216048386632594 0.2669692154496986 0.7031850441412055 0.9168157090170685 0.9698394083624957 1.3131607941843018
38 1520 -0.5303257837835381 -0.03611982207177765 0.13899165755242313 0.21110712190908526 0.7031850441412055 0.9168157090170685 0.9698394083624957 1.3131607941843018
