6.504043e-01, 1.061970e-01, -1.772492e-01, 6.105096e-02, 1.061970e-01, 1.315506e+00, -3.217478e-01, 1.205565e-01, -1.772492e-01, -3.217478e-01, 1.016419e+00, -3.648379e-02, 6.105096e-02, 1.205565e-01, -3.648379e-02, 1.083762e+00
3.387515e-01, 7.241090e-02, -1.393242e-01, -1.054822e-03, 7.241090e-02, 1.072539e+00, -3.018690e-01, 9.847651e-02, -1.393242e-01, -3.018690e-01, 8.644199e-01, -7.794322e-02, -1.054822e-03, 9.847651e-02, -7.794322e-02, 8.869716e-01
1.695042e-01, 4.658310e-02, -6.076770e-02, -5.455563e-02, 4.658310e-02, 9.283142e-01, -3.329403e-01, 5.850994e-02, -6.076770e-02, -3.329403e-01, 8.794089e-01, -1.062391e-01, -5.455563e-02, 5.850994e-02, -1.062391e-01, 6.582929e-01
9.636071e-02, 3.559830e-02, -2.952232e-02, -3.510132e-02, 3.559830e-02, 1.168894e+00, -3.613509e-01, 6.689858e-02, -2.952232e-02, -3.613509e-01, 7.314197e-01, -6.127635e-02, -3.510132e-02, 6.689858e-02, -6.127635e-02, 4.804781e-01
4.858385e-02, 7.736259e-03, 2.609932e-02, -2.825685e-02, 7.736259e-03, 1.005989e+00, -3.626625e-01, 7.405058e-02, 2.609932e-02, -3.626625e-01, 6.213859e-01, -6.021126e-02, -2.825685e-02, 7.405058e-02, -6.021126e-02, 3.905848e-01
3.427094e-02, 9.000699e-03, -6.324552e-03, -2.579485e-02, 9.000699e-03, 7.803905e-01, -3.525071e-01, -2.619704e-02, -6.324552e-03, -3.525071e-01, 5.782535e-01, 7.622779e-02, -2.579485e-02, -2.619704e-02, 7.622779e-02, 3.925198e-01
3.466550e-02, 7.713282e-05, 5.138953e-03, -5.669268e-02, 7.713282e-05, 5.398712e-01, -2.931871e-01, -4.775584e-02, 5.138953e-03, -2.931871e-01, 5.754398e-01, 6.693032e-02, -5.669268e-02, -4.775584e-02, 6.693032e-02, 5.063553e-01
3.358947e-02, -1.322839e-02, -1.719055e-02, -5.427994e-02, -1.322839e-02, 5.450104e-01, -2.625416e-01, -3.662050e-02, -1.719055e-02, -2.625416e-01, 5.142590e-01, 5.105279e-02, -5.427994e-02, -3.662050e-02, 5.105279e-02, 4.315292e-01
3.990322e-02, 4.697936e-03, -2.030353e-02, -4.319968e-02, 4.697936e-03, 5.633365e-01, -1.383029e-01, -7.628500e-02, -2.030353e-02, -1.383029e-01, 3.526041e-01, 1.175922e-02, -4.319968e-02, -7.628500e-02, 1.175922e-02, 3.053610e-01
3.606927e-02, -1.033546e-02, -1.453653e-02, -2.452907e-02, -1.033546e-02, 4.120002e-01, -7.671401e-02, -4.014581e-02, -1.453653e-02, -7.671401e-02, 2.650990e-01, 6.194760e-04, -2.452907e-02, -4.014581e-02, 6.194760e-04, 2.364705e-01
4.756821e-02, -3.662389e-02, -6.309264e-03, -9.810543e-03, -3.662389e-02, 3.999007e-01, -1.027637e-01, -4.094604e-02, -6.309264e-03, -1.027637e-01, 1.928782e-01, 6.908131e-03, -9.810543e-03, -4.094604e-02, 6.908131e-03, 2.108896e-01
6.025144e-02, -3.441238e-02, 2.077609e-02, -1.027854e-02, -3.441238e-02, 2.726081e-01, -7.977089e-02, -3.193992e-02, 2.077609e-02, -7.977089e-02, 1.548681e-01, 7.839804e-04, -1.027854e-02, -3.193992e-02, 7.839804e-04, 1.899026e-01
5.369248e-02, -3.650506e-02, 1.682198e-02, -8.467568e-04, -3.650506e-02, 2.739638e-01, -1.140635e-02, -1.550296e-02, 1.682198e-02, -1.140635e-02, 1.716039e-01, 7.626233e-03, -8.467568e-04, -1.550296e-02, 7.626233e-03, 1.185200e-01
5.282392e-02, -2.955883e-03, 1.494395e-02, -2.103615e-03, -2.955883e-03, 2.802758e-01, 3.789651e-02, -1.686516e-02, 1.494395e-02, 3.789651e-02, 1.284179e-01, 1.286013e-02, -2.103615e-03, -1.686516e-02, 1.286013e-02, 1.320746e-01
6.031498e-02, -1.884534e-02, 1.569097e-02, -5.628474e-03, -1.884534e-02, 2.366317e-01, 2.914961e-02, -1.483105e-02, 1.569097e-02, 2.914961e-02, 1.063985e-01, 1.248811e-02, -5.628474e-03, -1.483105e-02, 1.248811e-02, 8.530990e-02
6.063618e-02, 1.708377e-03, 9.111325e-03, 3.311885e-03, 1.708377e-03, 1.880083e-01, 2.823936e-02, -1.222745e-02, 9.111325e-03, 2.823936e-02, 8.345624e-02, 1.695909e-02, 3.311885e-03, -1.222745e-02, 1.695909e-02, 9.005723e-02
7.722534e-02, -2.061682e-02, 3.398095e-03, 4.902966e-03, -2.061682e-02, 2.195497e-01, 1.080578e-02, -3.842103e-02, 3.398095e-03, 1.080578e-02, 6.811289e-02, -1.443189e-02, 4.902966e-03, -3.842103e-02, -1.443189e-02, 1.060495e-01
9.085735e-02, -2.572898e-02, 2.549144e-03, 1.935495e-02, -2.572898e-02, 1.932833e-01, 1.139479e-02, -5.847379e-02, 2.549144e-03, 1.139479e-02, 6.123689e-02, -8.170957e-04, 1.935495e-02, -5.847379e-02, -8.170957e-04, 1.029121e-01
1.038209e-01, -5.562344e-02, 1.194548e-02, 1.001006e-02, -5.562344e-02, 2.088120e-01, -1.397962e-02, -4.014661e-02, 1.194548e-02, -1.397962e-02, 6.051732e-02, 1.194531e-02, 1.001006e-02, -4.014661e-02, 1.194531e-02, 8.101526e-02
1.061806e-01, -6.100516e-02, 1.383828e-02, 2.811378e-02, -6.100516e-02, 1.757209e-01, -2.842613e-03, -3.496326e-02, 1.383828e-02, -2.842613e-03, 5.742998e-02, 4.529350e-03, 2.811378e-02, -3.496326e-02, 4.529350e-03, 8.028138e-02
1.194022e-01, -6.949131e-02, -1.209134e-03, 2.212254e-02, -6.949131e-02, 2.152513e-01, 7.927443e-03, -8.710011e-03, -1.209134e-03, 7.927443e-03, 6.030224e-02, 4.186821e-03, 2.212254e-02, -8.710011e-03, 4.186821e-03, 6.084416e-02
9.422359e-02, -4.709875e-02, 2.065237e-02, 5.523646e-03, -4.709875e-02, 1.703592e-01, 5.731784e-03, -1.206158e-02, 2.065237e-02, 5.731784e-03, 9.871140e-02, -1.591085e-02, 5.523646e-03, -1.206158e-02, -1.591085e-02, 6.140038e-02
7.748693e-02, -4.099639e-02, 1.263394e-02, 2.058282e-02, -4.099639e-02, 1.265444e-01, 5.591444e-03, -7.480989e-03, 1.263394e-02, 5.591444e-03, 8.337848e-02, -1.320481e-02, 2.058282e-02, -7.480989e-03, -1.320481e-02, 6.806193e-02
6.180029e-02, -3.681617e-02, 7.215128e-03, 7.114236e-03, -3.681617e-02, 1.012836e-01, 2.012790e-04, 3.659962e-03, 7.215128e-03, 2.012790e-04, 8.365374e-02, -2.240284e-02, 7.114236e-03, 3.659962e-03, -2.240284e-02, 6.156029e-02
6.842579e-02, -2.898945e-02, -2.847539e-03, 6.992551e-03, -2.898945e-02, 8.155999e-02, 7.006939e-04, -1.756821e-03, -2.847539e-03, 7.006939e-04, 6.118522e-02, -7.028385e-03, 6.992551e-03, -1.756821e-03, -7.028385e-03, 5.142765e-02
5.918382e-02, -1.913694e-02, 2.475728e-03, 3.043596e-04, -1.913694e-02, 8.092729e-02, 5.389510e-03, -6.325717e-04, 2.475728e-03, 5.389510e-03, 6.960577e-02, -2.678581e-03, 3.043596e-04, -6.325717e-04, -2.678581e-03, 5.205151e-02
3.700184e-02, -1.355852e-02, 1.150503e-03, 8.358265e-04, -1.355852e-02, 8.454840e-02, -4.853282e-03, -1.618596e-02, 1.150503e-03, -4.853282e-03, 7.794071e-02, 5.607307e-03, 8.358265e-04, -1.618596e-02, 5.607307e-03, 5.265976e-02
1.922120e-02, -1.024220e-02, -6.022355e-04, 4.409175e-03, -1.024220e-02, 8.725638e-02, -9.553857e-04, -1.332256e-02, -6.022355e-04, -9.553857e-04, 6.394170e-02, 1.338348e-03, 4.409175e-03, -1.332256e-02, 1.338348e-03, 4.814497e-02
9.206016e-03, -3.073087e-03, -2.719703e-03, 1.236862e-03, -3.073087e-03, 6.968570e-02, 8.815193e-04, -1.518704e-02, -2.719703e-03, 8.815193e-04, 5.329110e-02, 8.752413e-03, 1.236862e-03, -1.518704e-02, 8.752413e-03, 5.052480e-02
4.559829e-03, -2.085454e-03, -3.111816e-03, -9.156515e-04, -2.085454e-03, 5.439424e-02, 5.057235e-03, -1.090464e-02, -3.111816e-03, 5.057235e-03, 5.075452e-02, 1.122603e-02, -9.156515e-04, -1.090464e-02, 1.122603e-02, 4.528360e-02
2.669003e-03, -2.193682e-03, -1.799189e-03, 1.680405e-04, -2.193682e-03, 5.134458e-02, 9.595308e-03, -1.150620e-02, -1.799189e-03, 9.595308e-03, 4.604458e-02, 9.629849e-03, 1.680405e-04, -1.150620e-02, 9.629849e-03, 3.693078e-02
1.476382e-03, -1.488349e-03, -6.552046e-04, 1.940030e-04, -1.488349e-03, 4.663798e-02, 6.440362e-03, -8.273262e-03, -6.552046e-04, 6.440362e-03, 3.422331e-02, 6.593945e-03, 1.940030e-04, -8.273262e-03, 6.593945e-03, 2.815159e-02
8.234849e-04, -6.812100e-04, -9.321867e-05, 4.917173e-04, -6.812100e-04, 4.134497e-02, 4.921710e-03, -4.599422e-03, -9.321867e-05, 4.921710e-03, 2.332765e-02, 5.018769e-03, 4.917173e-04, -4.599422e-03, 5.018769e-03, 2.380859e-02
5.313204e-04, -9.105429e-04, 3.704218e-04, 3.187257e-04, -9.105429e-04, 3.383612e-02, 4.288503e-03, -4.198276e-03, 3.704218e-04, 4.288503e-03, 2.006083e-02, 2.282162e-03, 3.187257e-04, -4.198276e-03, 2.282162e-03, 1.700266e-02
3.596953e-04, -4.653767e-04, 1.559398e-04, 2.813538e-04, -4.653767e-04, 3.094027e-02, 4.590760e-03, -3.440687e-03, 1.559398e-04, 4.590760e-03, 1.574987e-02, 2.143468e-03, 2.813538e-04, -3.440687e-03, 2.143468e-03, 1.337945e-02
2.376659e-04, 3.547669e-04, 2.119273e-04, 9.927498e-05, 3.547669e-04, 3.538101e-02, 1.590144e-03, -8.135261e-03, 2.119273e-04, 1.590144e-03, 1.260688e-02, 1.513484e-03, 9.927498e-05, -8.135261e-03, 1.513484e-03, 1.461751e-02
1.918498e-04, -2.964832e-04, 1.266002e-04, 4.556311e-04, -2.964832e-04, 4.070992e-02, -4.742477e-03, -1.182773e-02, 1.266002e-04, -4.742477e-03, 1.253224e-02, 2.926512e-03, 4.556311e-04, -1.182773e-02, 2.926512e-03, 1.518249e-02
1.432447e-04, 3.693113e-04, -4.426212e-05, 3.097723e-04, 3.693113e-04, 4.928665e-02, -3.202163e-04, -1.443470e-02, -4.426212e-05, -3.202163e-04, 1.048322e-02, 1.240245e-04, 3.097723e-04, -1.443470e-02, 1.240245e-04, 1.503145e-02
