% # columns="iteration, evaluation, min max(neg(.)) min(pos(.)) max correlation, correlation matrix principle axes lengths  (sorted square roots of eigenvalues of correlation matrix)", seed=5, Mon Nov 30 22:01:37 2020
1 12 -0.11498805386970332 -0.11498805386970332 -0.11498805386970332 -0.11498805386970332 0.9407507353865299 1.0559299474253503
2 24 0.09072762248713621 0.09072762248713621 0.09072762248713621 0.09072762248713621 0.9407507353865299 1.0559299474253503
3 36 -0.3317528310946041 -0.3317528310946041 -0.3317528310946041 -0.3317528310946041 0.8174638639752805 1.1540159579029243
4 48 -0.5905185701272385 -0.5905185701272385 -0.5905185701272385 -0.5905185701272385 0.8174638639752805 1.1540159579029243
5 60 -0.4531799990304667 -0.4531799990304667 -0.4531799990304667 -0.4531799990304667 0.739472785820772 1.2054791574434072
6 72 -0.6133212324557328 -0.6133212324557328 -0.6133212324557328 -0.6133212324557328 0.739472785820772 1.2054791574434072
7 84 -0.728964396565076 -0.728964396565076 -0.728964396565076 -0.728964396565076 0.5206107984232791 1.3149009075078912
8 96 -0.647942158785562 -0.647942158785562 -0.647942158785562 -0.647942158785562 0.5206107984232791 1.3149009075078912
9 108 -0.4631308326568362 -0.4631308326568362 -0.4631308326568362 -0.4631308326568362 0.7327135643231698 1.2095994513295862
10 120 -0.19747476885969817 -0.19747476885969817 -0.19747476885969817 -0.19747476885969817 0.7327135643231698 1.2095994513295862
11 132 -0.3068042276700287 -0.3068042276700287 -0.3068042276700287 -0.3068042276700287 0.8325837929782031 1.1431553821200462
12 144 -0.30146848092571044 -0.30146848092571044 -0.30146848092571044 -0.30146848092571044 0.8325837929782031 1.1431553821200462
13 156 -0.248082454332786 -0.248082454332786 -0.248082454332786 -0.248082454332786 0.867131792559363 1.117176107125813
14 168 -0.36314310509826947 -0.36314310509826947 -0.36314310509826947 -0.36314310509826947 0.867131792559363 1.117176107125813
15 180 -0.46126478075256316 -0.46126478075256316 -0.46126478075256316 -0.46126478075256316 0.733985844037497 1.2088278540605206
16 192 -0.5292200322856092 -0.5292200322856092 -0.5292200322856092 -0.5292200322856092 0.733985844037497 1.2088278540605206
17 204 -0.5636686192047139 -0.5636686192047139 -0.5636686192047139 -0.5636686192047139 0.6605538439788887 1.2504673603116212
18 216 -0.5337048166686389 -0.5337048166686389 -0.5337048166686389 -0.5337048166686389 0.6605538439788887 1.2504673603116212
19 228 -0.2664805409826227 -0.2664805409826227 -0.2664805409826227 -0.2664805409826227 0.8564575056693574 1.1253801761994133
20 240 -0.3713792339087845 -0.3713792339087845 -0.3713792339087845 -0.3713792339087845 0.8564575056693574 1.1253801761994133
21 252 -0.506463942128334 -0.506463942128334 -0.506463942128334 -0.506463942128334 0.7025212152466758 1.227380927881941
22 264 -0.6224627919014681 -0.6224627919014681 -0.6224627919014681 -0.6224627919014681 0.7025212152466758 1.227380927881941
23 276 -0.5404367905808244 -0.5404367905808244 -0.5404367905808244 -0.5404367905808244 0.6779109155480354 1.2411433400622285
24 288 -0.4800160263470249 -0.4800160263470249 -0.4800160263470249 -0.4800160263470249 0.6779109155480354 1.2411433400622285
25 300 -0.6603414068396116 -0.6603414068396116 -0.6603414068396116 -0.6603414068396116 0.5828023620065282 1.288542357409958
26 312 -0.6637548124651664 -0.6637548124651664 -0.6637548124651664 -0.6637548124651664 0.5828023620065282 1.288542357409958
27 324 -0.7436090586423321 -0.7436090586423321 -0.7436090586423321 -0.7436090586423321 0.5063506110963706 1.3204578973380152
28 336 -0.8812554423769695 -0.8812554423769695 -0.8812554423769695 -0.8812554423769695 0.5063506110963706 1.3204578973380152
29 348 -0.805248131542358 -0.805248131542358 -0.805248131542358 -0.805248131542358 0.44130700023639097 1.3435952260790294
30 360 -0.7881512358669016 -0.7881512358669016 -0.7881512358669016 -0.7881512358669016 0.44130700023639097 1.3435952260790294
31 372 -0.809427130698766 -0.809427130698766 -0.809427130698766 -0.809427130698766 0.43654652592963555 1.3451494826593682
32 384 -0.8194795200601545 -0.8194795200601545 -0.8194795200601545 -0.8194795200601545 0.43654652592963555 1.3451494826593682
33 396 -0.7542490217372525 -0.7542490217372525 -0.7542490217372525 -0.7542490217372525 0.4957327690023604 1.324480661141284
34 408 -0.581253861856459 -0.581253861856459 -0.581253861856459 -0.581253861856459 0.4957327690023604 1.324480661141284
35 420 -0.5616510131146311 -0.5616510131146311 -0.5616510131146311 -0.5616510131146311 0.6620792904821664 1.249660359103477
36 432 -0.6273151568769604 -0.6273151568769604 -0.6273151568769604 -0.6273151568769604 0.6620792904821664 1.249660359103477
37 444 -0.6925616081924761 -0.6925616081924761 -0.6925616081924761 -0.6925616081924761 0.5544712723013916 1.300984860862138
38 456 -0.6059557152417245 -0.6059557152417245 -0.6059557152417245 -0.6059557152417245 0.5544712723013916 1.300984860862138
39 468 -0.7890032872056696 -0.7890032872056696 -0.7890032872056696 -0.7890032872056696 0.45934378497409806 1.3375362750989856
40 480 -0.8778095636692896 -0.8778095636692896 -0.8778095636692896 -0.8778095636692896 0.45934378497409806 1.3375362750989856
41 492 -0.9023107177060385 -0.9023107177060385 -0.9023107177060385 -0.9023107177060385 0.31255284720181553 1.3792428059286872
42 504 -0.9063045482207424 -0.9063045482207424 -0.9063045482207424 -0.9063045482207424 0.31255284720181553 1.3792428059286872
43 516 -0.9191623360312767 -0.9191623360312767 -0.9191623360312767 -0.9191623360312767 0.28431965104213824 1.385338347130865
44 528 -0.9291697655916326 -0.9291697655916326 -0.9291697655916326 -0.9291697655916326 0.28431965104213824 1.385338347130865
45 540 -0.9503997517188035 -0.9503997517188035 -0.9503997517188035 -0.9503997517188035 0.22271113192024408 1.396567131117872
46 552 -0.9074293756170474 -0.9074293756170474 -0.9074293756170474 -0.9074293756170474 0.22271113192024408 1.396567131117872
47 564 -0.8165201581303462 -0.8165201581303462 -0.8165201581303462 -0.8165201581303462 0.4283454702336115 1.3477834240449562
48 576 -0.8426864013386841 -0.8426864013386841 -0.8426864013386841 -0.8426864013386841 0.4283454702336115 1.3477834240449562
49 588 -0.9038511287265436 -0.9038511287265436 -0.9038511287265436 -0.9038511287265436 0.31007881461566555 1.3798011192655786
50 600 -0.8590539172682317 -0.8590539172682317 -0.8590539172682317 -0.8590539172682317 0.31007881461566555 1.3798011192655786
51 612 -0.9186633779727462 -0.9186633779727462 -0.9186633779727462 -0.9186633779727462 0.28519576088584075 1.3851582501551027
52 624 -0.9290070790689322 -0.9290070790689322 -0.9290070790689322 -0.9290070790689322 0.28519576088584075 1.3851582501551027
53 636 -0.9105659045016221 -0.9105659045016221 -0.9105659045016221 -0.9105659045016221 0.29905533852178245 1.3822322180088344
54 648 -0.9380792424349582 -0.9380792424349582 -0.9380792424349582 -0.9380792424349582 0.29905533852178245 1.3822322180088344
55 660 -0.9603139149525857 -0.9603139149525857 -0.9603139149525857 -0.9603139149525857 0.19921366681885655 1.4001121079944225
56 672 -0.9681838190913336 -0.9681838190913336 -0.9681838190913336 -0.9681838190913336 0.19921366681885655 1.4001121079944225
57 684 -0.9776762073559375 -0.9776762073559375 -0.9776762073559375 -0.9776762073559375 0.149411487657618 1.4062987617700364
58 696 -0.9672297230960273 -0.9672297230960273 -0.9672297230960273 -0.9672297230960273 0.149411487657618 1.4062987617700364
59 708 -0.9830393743667991 -0.9830393743667991 -0.9830393743667991 -0.9830393743667991 0.1302329667680222 1.4082043084605298
60 720 -0.986183399865289 -0.986183399865289 -0.986183399865289 -0.986183399865289 0.1302329667680222 1.4082043084605298
61 732 -0.9820338241718133 -0.9820338241718133 -0.9820338241718133 -0.9820338241718133 0.13403796413026647 1.4078472304095402
62 744 -0.9846828506253238 -0.9846828506253238 -0.9846828506253238 -0.9846828506253238 0.13403796413026647 1.4078472304095402
63 756 -0.9830934704101624 -0.9830934704101624 -0.9830934704101624 -0.9830934704101624 0.1300251113817548 1.408223515785105
64 768 -0.9800862518876657 -0.9800862518876657 -0.9800862518876657 -0.9800862518876657 0.1300251113817548 1.408223515785105
65 780 -0.9914353338315199 -0.9914353338315199 -0.9914353338315199 -0.9914353338315199 0.092545481621093 1.4111822468524466
66 792 -0.9883835618726579 -0.9883835618726579 -0.9883835618726579 -0.9883835618726579 0.092545481621093 1.4111822468524466
67 804 -0.9853151304810414 -0.9853151304810414 -0.9853151304810414 -0.9853151304810414 0.12118114341331547 1.4090121115451921
68 816 -0.9877886517328486 -0.9877886517328486 -0.9877886517328486 -0.9877886517328486 0.12118114341331547 1.4090121115451921
69 828 -0.9927096080282248 -0.9927096080282248 -0.9927096080282248 -0.9927096080282248 0.08538379220774281 1.4116336663696516
70 840 -0.9940324348374272 -0.9940324348374272 -0.9940324348374272 -0.9940324348374272 0.08538379220774281 1.4116336663696516
71 852 -0.9958540194988855 -0.9958540194988855 -0.9958540194988855 -0.9958540194988855 0.06438928871415328 1.4127469764607128
72 864 -0.9964185487125374 -0.9964185487125374 -0.9964185487125374 -0.9964185487125374 0.06438928871415328 1.4127469764607128
73 876 -0.9978748056985541 -0.9978748056985541 -0.9978748056985541 -0.9978748056985541 0.04609982973337114 1.4134619930152186
74 888 -0.9981456033493414 -0.9981456033493414 -0.9981456033493414 -0.9981456033493414 0.04609982973337114 1.4134619930152186
75 900 -0.9993934952792475 -0.9993934952792475 -0.9993934952792475 -0.9993934952792475 0.024627316556060465 1.4139991143134594
76 912 -0.9994919151978761 -0.9994919151978761 -0.9994919151978761 -0.9994919151978761 0.024627316556060465 1.4139991143134594
77 924 -0.999616704758347 -0.999616704758347 -0.999616704758347 -0.999616704758347 0.01957792740953396 1.4140780405473903
78 936 -0.999141623603825 -0.999141623603825 -0.999141623603825 -0.999141623603825 0.01957792740953396 1.4140780405473903
79 948 -0.9987452329862728 -0.9987452329862728 -0.9987452329862728 -0.9987452329862728 0.03542269066187987 1.4137698656380653
80 960 -0.9992131925853992 -0.9992131925853992 -0.9992131925853992 -0.9992131925853992 0.03542269066187987 1.4137698656380653
81 972 -0.9994763131435169 -0.9994763131435169 -0.9994763131435169 -0.9994763131435169 0.0228842053933085 1.4140283989876288
82 984 -0.9995507448336934 -0.9995507448336934 -0.9995507448336934 -0.9995507448336934 0.0228842053933085 1.4140283989876288
83 996 -0.9998127342326142 -0.9998127342326142 -0.9998127342326142 -0.9998127342326142 0.013684508299017144 1.4141473523761992
84 1008 -0.9999198874040777 -0.9999198874040777 -0.9999198874040777 -0.9999198874040777 0.013684508299017144 1.4141473523761992
85 1020 -0.9999328076066515 -0.9999328076066515 -0.9999328076066515 -0.9999328076066515 0.008197096641393682 1.4141898060750726
86 1032 -0.9998312610852071 -0.9998312610852071 -0.9998312610852071 -0.9998312610852071 0.008197096641393682 1.4141898060750726
87 1044 -0.9998772363439731 -0.9998772363439731 -0.9998772363439731 -0.9998772363439731 0.011079876173803304 1.414170158200198
88 1056 -0.9998907034838949 -0.9998907034838949 -0.9998907034838949 -0.9998907034838949 0.011079876173803304 1.414170158200198
89 1068 -0.9998197991214646 -0.9998197991214646 -0.9998197991214646 -0.9998197991214646 0.013423892078503884 1.4141498503063474
90 1080 -0.9998005868649267 -0.9998005868649267 -0.9998005868649267 -0.9998005868649267 0.013423892078503884 1.4141498503063474
91 1092 -0.9998285291654161 -0.9998285291654161 -0.9998285291654161 -0.9998285291654161 0.013094687265597368 1.4141529369786763
92 1104 -0.9999101763808902 -0.9999101763808902 -0.9999101763808902 -0.9999101763808902 0.013094687265597368 1.4141529369786763
93 1116 -0.9999468790866525 -0.9999468790866525 -0.9999468790866525 -0.9999468790866525 0.0072884095211220015 1.4141947811693594
1 13 -0.27595639873891536 -0.27595639873891536 -0.27595639873891536 -0.27595639873891536 0.8509075162795806 1.1295824001545507
2 25 -0.25504491034595167 -0.25504491034595167 -0.25504491034595167 -0.25504491034595167 0.8509075162795806 1.1295824001545507
3 37 -0.3734617444536294 -0.3734617444536294 -0.3734617444536294 -0.3734617444536294 0.7915416953934711 1.171947842036338
4 49 -0.4883717788158886 -0.4883717788158886 -0.4883717788158886 -0.4883717788158886 0.7915416953934711 1.171947842036338
5 61 -0.6136569415513797 -0.6136569415513797 -0.6136569415513797 -0.6136569415513797 0.6215650074196747 1.2702979735288016
6 73 -0.6471020278103121 -0.6471020278103121 -0.6471020278103121 -0.6471020278103121 0.6215650074196747 1.2702979735288016
7 85 -0.8009343273382629 -0.8009343273382629 -0.8009343273382629 -0.8009343273382629 0.4461677629118189 1.3419889445663338
8 97 -0.9267336797198379 -0.9267336797198379 -0.9267336797198379 -0.9267336797198379 0.4461677629118189 1.3419889445663338
9 109 -0.9408881324592765 -0.9408881324592765 -0.9408881324592765 -0.9408881324592765 0.2431293226674309 1.393157612210218
10 121 -0.9103015095566237 -0.9103015095566237 -0.9103015095566237 -0.9103015095566237 0.2431293226674309 1.393157612210218
11 133 -0.902032950481376 -0.902032950481376 -0.902032950481376 -0.902032950481376 0.3129968841995461 1.3791421067030678
12 145 -0.9073538975784188 -0.9073538975784188 -0.9073538975784188 -0.9073538975784188 0.3129968841995461 1.3791421067030678
13 157 -0.9528084439131749 -0.9528084439131749 -0.9528084439131749 -0.9528084439131749 0.2172361758244354 1.3974292267994022
14 169 -0.9362506245716897 -0.9362506245716897 -0.9362506245716897 -0.9362506245716897 0.2172361758244354 1.3974292267994022
15 181 -0.8760963273466311 -0.8760963273466311 -0.8760963273466311 -0.8760963273466311 0.3519995350186829 1.3697066574075747
16 193 -0.8695787784740046 -0.8695787784740046 -0.8695787784740046 -0.8695787784740046 0.3519995350186829 1.3697066574075747
17 205 -0.8577545711163403 -0.8577545711163403 -0.8577545711163403 -0.8577545711163403 0.37715438335469414 1.3629947069289523
18 217 -0.8991404700706086 -0.8991404700706086 -0.8991404700706086 -0.8991404700706086 0.37715438335469414 1.3629947069289523
19 229 -0.9442046912478845 -0.9442046912478845 -0.9442046912478845 -0.9442046912478845 0.23621030619368685 1.3943474069427189
20 241 -0.9681738856750687 -0.9681738856750687 -0.9681738856750687 -0.9681738856750687 0.23621030619368685 1.3943474069427189
21 253 -0.9833082387358497 -0.9833082387358497 -0.9833082387358497 -0.9833082387358497 0.1291965992747122 1.408299768776467
22 265 -0.9927356249082527 -0.9927356249082527 -0.9927356249082527 -0.9927356249082527 0.1291965992747122 1.408299768776467
23 277 -0.9924165905521743 -0.9924165905521743 -0.9924165905521743 -0.9924165905521743 0.08708277354233529 1.411529875897841
24 289 -0.9862801942089832 -0.9862801942089832 -0.9862801942089832 -0.9862801942089832 0.08708277354233529 1.411529875897841
25 301 -0.9932879604713256 -0.9932879604713256 -0.9932879604713256 -0.9932879604713256 0.08192703783656662 1.411838503679272
26 313 -0.9939566128861884 -0.9939566128861884 -0.9939566128861884 -0.9939566128861884 0.08192703783656662 1.411838503679272
27 325 -0.9953858991485299 -0.9953858991485299 -0.9953858991485299 -0.9953858991485299 0.06792717314499498 1.41258128939489
28 337 -0.994823630216406 -0.994823630216406 -0.994823630216406 -0.994823630216406 0.06792717314499498 1.41258128939489
29 349 -0.9958483589520825 -0.9958483589520825 -0.9958483589520825 -0.9958483589520825 0.06443322937675472 1.4127449730762034
30 361 -0.9983235569703981 -0.9983235569703981 -0.9983235569703981 -0.9983235569703981 0.06443322937675472 1.4127449730762034
31 373 -0.9988578207630526 -0.9988578207630526 -0.9988578207630526 -0.9988578207630526 0.03379614233825173 1.4138096833601943
32 385 -0.9990618176427544 -0.9990618176427544 -0.9990618176427544 -0.9990618176427544 0.03379614233825173 1.4138096833601943
33 397 -0.9995136721275704 -0.9995136721275704 -0.9995136721275704 -0.9995136721275704 0.02205284272899159 1.4140416090510104
34 409 -0.9996259279595093 -0.9996259279595093 -0.9996259279595093 -0.9996259279595093 0.02205284272899159 1.4140416090510104
35 421 -0.9996116224625282 -0.9996116224625282 -0.9996116224625282 -0.9996116224625282 0.019707296554112366 1.4140762435111227
36 433 -0.9996589161574432 -0.9996589161574432 -0.9996589161574432 -0.9996589161574432 0.019707296554112366 1.4140762435111227
37 445 -0.9997729177872278 -0.9997729177872278 -0.9997729177872278 -0.9997729177872278 0.015069247253000639 1.4141332744077653
38 457 -0.9998290402743073 -0.9998290402743073 -0.9998290402743073 -0.9998290402743073 0.015069247253000639 1.4141332744077653
39 469 -0.9998341300645072 -0.9998341300645072 -0.9998341300645072 -0.9998341300645072 0.01287905025584839 1.4141549172790466
40 481 -0.9998118485501108 -0.9998118485501108 -0.9998118485501108 -0.9998118485501108 0.01287905025584839 1.4141549172790466
41 493 -0.99987636251771 -0.99987636251771 -0.99987636251771 -0.99987636251771 0.011119239285585437 1.414169849246444
42 505 -0.9998654169237161 -0.9998654169237161 -0.9998654169237161 -0.9998654169237161 0.011119239285585437 1.414169849246444
43 517 -0.9998620162867262 -0.9998620162867262 -0.9998620162867262 -0.9998620162867262 0.011746646894920615 1.4141647769219563
44 529 -0.999826696378995 -0.999826696378995 -0.999826696378995 -0.999826696378995 0.011746646894920615 1.4141647769219563
45 541 -0.9997979731531452 -0.9997979731531452 -0.9997979731531452 -0.9997979731531452 0.014213614841224022 1.414142133292529
46 553 -0.9998821387312508 -0.9998821387312508 -0.9998821387312508 -0.9998821387312508 0.014213614841224022 1.414142133292529
47 565 -0.9998919449726038 -0.9998919449726038 -0.9998919449726038 -0.9998919449726038 0.010394952015098107 1.4141753586357684
48 577 -0.9998513572985492 -0.9998513572985492 -0.9998513572985492 -0.9998513572985492 0.010394952015098107 1.4141753586357684
49 589 -0.9999254206233327 -0.9999254206233327 -0.9999254206233327 -0.9999254206233327 0.008635935193557645 1.4141871943357898
50 601 -0.9998948836104337 -0.9998948836104337 -0.9998948836104337 -0.9998948836104337 0.008635935193557645 1.4141871943357898
51 613 -0.9999246616056278 -0.9999246616056278 -0.9999246616056278 -0.9999246616056278 0.008679769258013052 1.4141869259774775
52 625 -0.9998940144855928 -0.9998940144855928 -0.9998940144855928 -0.9998940144855928 0.008679769258013052 1.4141869259774775
53 637 -0.9999148454720181 -0.9999148454720181 -0.9999148454720181 -0.9999148454720181 0.009227921108342935 1.414183455380531
54 649 -0.9999227540654082 -0.9999227540654082 -0.9999227540654082 -0.9999227540654082 0.009227921108342935 1.414183455380531
55 661 -0.9998430716598377 -0.9998430716598377 -0.9998430716598377 -0.9998430716598377 0.012527104220948666 1.41415807873796
56 673 -0.9997749517320683 -0.9997749517320683 -0.9997749517320683 -0.9997749517320683 0.012527104220948666 1.41415807873796
57 685 -0.9998783264951159 -0.9998783264951159 -0.9998783264951159 -0.9998783264951159 0.011030571376142708 1.4141705436386078
58 697 -0.9998735999315512 -0.9998735999315512 -0.9998735999315512 -0.9998735999315512 0.011030571376142708 1.4141705436386078
59 709 -0.999903834524153 -0.999903834524153 -0.999903834524153 -0.999903834524153 0.009806399739294912 1.4141795623343427
60 721 -0.9999528552600927 -0.9999528552600927 -0.9999528552600927 -0.9999528552600927 0.009806399739294912 1.4141795623343427
61 733 -0.9999770618738252 -0.9999770618738252 -0.9999770618738252 -0.9999770618738252 0.004789376386857401 1.414205452497559
62 745 -0.9999695643676637 -0.9999695643676637 -0.9999695643676637 -0.9999695643676637 0.004789376386857401 1.414205452497559
63 757 -0.9999474365116292 -0.9999474365116292 -0.9999474365116292 -0.9999474365116292 0.007250068163178758 1.4141949782514536
64 769 -0.9999075138738879 -0.9999075138738879 -0.9999075138738879 -0.9999075138738879 0.007250068163178758 1.4141949782514536
65 781 -0.9999411534968379 -0.9999411534968379 -0.9999411534968379 -0.9999411534968379 0.007671147447561895 1.4141927568393349
66 793 -0.9998675505538315 -0.9998675505538315 -0.9998675505538315 -0.9998675505538315 0.007671147447561895 1.4141927568393349
67 805 -0.9998249733341183 -0.9998249733341183 -0.9998249733341183 -0.9998249733341183 0.013229764392524369 1.41415167974801
68 817 -0.9998236758639202 -0.9998236758639202 -0.9998236758639202 -0.9998236758639202 0.013229764392524369 1.41415167974801
69 829 -0.9997524903591255 -0.9997524903591255 -0.9997524903591255 -0.9997524903591255 0.01573243912667741 1.4141260517928116
70 841 -0.9998231906387338 -0.9998231906387338 -0.9998231906387338 -0.9998231906387338 0.01573243912667741 1.4141260517928116
71 853 -0.9998957339050474 -0.9998957339050474 -0.9998957339050474 -0.9998957339050474 0.010211077071138571 1.4141766982612347
72 865 -0.9998670578651766 -0.9998670578651766 -0.9998670578651766 -0.9998670578651766 0.010211077071138571 1.4141766982612347
73 877 -0.9998783264516671 -0.9998783264516671 -0.9998783264516671 -0.9998783264516671 0.011030573345609371 1.414170543623246
74 889 -0.9999029911013733 -0.9999029911013733 -0.9999029911013733 -0.9999029911013733 0.011030573345609371 1.414170543623246
75 901 -0.9998829546295569 -0.9998829546295569 -0.9998829546295569 -0.9998829546295569 0.01081875087259474 1.4141721799800606
76 913 -0.9997959366125602 -0.9997959366125602 -0.9997959366125602 -0.9997959366125602 0.01081875087259474 1.4141721799800606
77 925 -0.9998670692283667 -0.9998670692283667 -0.9998670692283667 -0.9998670692283667 0.011529560773645166 1.4141665634671068
78 937 -0.9999021734251466 -0.9999021734251466 -0.9999021734251466 -0.9999021734251466 0.011529560773645166 1.4141665634671068
79 949 -0.9999066848168134 -0.9999066848168134 -0.9999066848168134 -0.9999066848168134 0.009659978425781278 1.414180570088846
80 961 -0.999898637450318 -0.999898637450318 -0.999898637450318 -0.999898637450318 0.009659978425781278 1.414180570088846
81 973 -0.9999172406586345 -0.9999172406586345 -0.9999172406586345 -0.9999172406586345 0.009097216132723199 1.414184302224655
82 985 -0.9999357445752763 -0.9999357445752763 -0.9999357445752763 -0.9999357445752763 0.009097216132723199 1.414184302224655
83 997 -0.999961535526276 -0.999961535526276 -0.999961535526276 -0.999961535526276 0.006201973373381356 1.4141999630626059
84 1009 -0.9999874862856346 -0.9999874862856346 -0.9999874862856346 -0.9999874862856346 0.006201973373381356 1.4141999630626059
85 1021 -0.9999850448219907 -0.9999850448219907 -0.9999850448219907 -0.9999850448219907 0.003867192522932327 1.4142082749093186
86 1033 -0.999987284728212 -0.999987284728212 -0.999987284728212 -0.999987284728212 0.003867192522932327 1.4142082749093186
87 1045 -0.9999878295174675 -0.9999878295174675 -0.9999878295174675 -0.9999878295174675 0.0034886218672346087 1.4142092594511844
88 1057 -0.9999826401066836 -0.9999826401066836 -0.9999826401066836 -0.9999826401066836 0.0034886218672346087 1.4142092594511844
89 1069 -0.9999860990754103 -0.9999860990754103 -0.9999860990754103 -0.9999860990754103 0.003728394371549869 1.414208647645534
90 1081 -0.9999887259203868 -0.9999887259203868 -0.9999887259203868 -0.9999887259203868 0.003728394371549869 1.414208647645534
91 1093 -0.9999815122464482 -0.9999815122464482 -0.9999815122464482 -0.9999815122464482 0.004299738777150595 1.4142070259500368
92 1105 -0.9999849749295469 -0.9999849749295469 -0.9999849749295469 -0.9999849749295469 0.004299738777150595 1.4142070259500368
93 1117 -0.9999863221717102 -0.9999863221717102 -0.9999863221717102 -0.9999863221717102 0.0036983548085276824 1.4142087265222592
94 1129 -0.9999846699069157 -0.9999846699069157 -0.9999846699069157 -0.9999846699069157 0.0036983548085276824 1.4142087265222592
95 1141 -0.9999630213506273 -0.9999630213506273 -0.9999630213506273 -0.9999630213506273 0.00608100726628217 1.4142004883857973
96 1153 -0.9999691072275161 -0.9999691072275161 -0.9999691072275161 -0.9999691072275161 0.00608100726628217 1.4142004883857973
97 1165 -0.9999460613113549 -0.9999460613113549 -0.9999460613113549 -0.9999460613113549 0.00734429633422767 1.4141944920382608
98 1177 -0.9999298565945434 -0.9999298565945434 -0.9999298565945434 -0.9999298565945434 0.00734429633422767 1.4141944920382608
99 1189 -0.9998635059954354 -0.9998635059954354 -0.9998635059954354 -0.9998635059954354 0.011683064861779975 1.4141653036315929
100 1201 -0.9998224493510318 -0.9998224493510318 -0.9998224493510318 -0.9998224493510318 0.011683064861779975 1.4141653036315929
101 1213 -0.9997149430866917 -0.9997149430866917 -0.9997149430866917 -0.9997149430866917 0.016883628558698557 1.4141127759435212
102 1225 -0.9996917721326216 -0.9996917721326216 -0.9996917721326216 -0.9996917721326216 0.016883628558698557 1.4141127759435212
103 1237 -0.9997899744330642 -0.9997899744330642 -0.9997899744330642 -0.9997899744330642 0.014492258862437204 1.4141393051722537
104 1249 -0.9997429973083666 -0.9997429973083666 -0.9997429973083666 -0.9997429973083666 0.014492258862437204 1.4141393051722537
105 1261 -0.9998459451270432 -0.9998459451270432 -0.9998459451270432 -0.9998459451270432 0.012411884343518836 1.4141590947015272
106 1273 -0.9998755894163359 -0.9998755894163359 -0.9998755894163359 -0.9998755894163359 0.012411884343518836 1.4141590947015272
107 1285 -0.9999053877211774 -0.9999053877211774 -0.9999053877211774 -0.9999053877211774 0.009726884332743454 1.4141801114855128
108 1297 -0.9999318312190293 -0.9999318312190293 -0.9999318312190293 -0.9999318312190293 0.009726884332743454 1.4141801114855128
109 1309 -0.9999220919118005 -0.9999220919118005 -0.9999220919118005 -0.9999220919118005 0.008826555851492623 1.4141860174361083
110 1321 -0.9999268707995013 -0.9999268707995013 -0.9999268707995013 -0.9999268707995013 0.008826555851492623 1.4141860174361083
111 1333 -0.999876588954003 -0.999876588954003 -0.999876588954003 -0.999876588954003 0.011109052434713941 1.4141699293062355
112 1345 -0.9997824324194801 -0.9997824324194801 -0.9997824324194801 -0.9997824324194801 0.011109052434713941 1.4141699293062355
113 1357 -0.9998423991018874 -0.9998423991018874 -0.9998423991018874 -0.9998423991018874 0.012553919631440823 1.4141578409434667
114 1369 -0.9996192477105994 -0.9996192477105994 -0.9996192477105994 -0.9996192477105994 0.012553919631440823 1.4141578409434667
115 1381 -0.9992862259221598 -0.9992862259221598 -0.9992862259221598 -0.9992862259221598 0.026716550635142323 1.4139611826079808
116 1393 -0.9990502981310497 -0.9990502981310497 -0.9990502981310497 -0.9990502981310497 0.026716550635142323 1.4139611826079808
117 1405 -0.9979827835047923 -0.9979827835047923 -0.9979827835047923 -0.9979827835047923 0.04491343334914185 1.413500188717636
118 1417 -0.9952303369770231 -0.9952303369770231 -0.9952303369770231 -0.9952303369770231 0.04491343334914185 1.413500188717636
119 1429 -0.9952184627949815 -0.9952184627949815 -0.9952184627949815 -0.9952184627949815 0.06914866018238053 1.4125220220566408
120 1441 -0.9929166833160408 -0.9929166833160408 -0.9929166833160408 -0.9929166833160408 0.06914866018238053 1.4125220220566408
121 1453 -0.9932127795461538 -0.9932127795461538 -0.9932127795461538 -0.9932127795461538 0.08238458869137075 1.4118118782423366
122 1465 -0.9939888896473495 -0.9939888896473495 -0.9939888896473495 -0.9939888896473495 0.08238458869137075 1.4118118782423366
123 1477 -0.9954468197086868 -0.9954468197086868 -0.9954468197086868 -0.9954468197086868 0.06747725758589512 1.4126028527893773
124 1489 -0.9916321948644636 -0.9916321948644636 -0.9916321948644636 -0.9916321948644636 0.06747725758589512 1.4126028527893773
125 1501 -0.9912522657050147 -0.9912522657050147 -0.9912522657050147 -0.9912522657050147 0.09352932318254699 1.4111173819725327
126 1513 -0.9926939063127901 -0.9926939063127901 -0.9926939063127901 -0.9926939063127901 0.09352932318254699 1.4111173819725327
127 1525 -0.988281229065045 -0.988281229065045 -0.988281229065045 -0.988281229065045 0.10825327216742736 1.4100642641614052
128 1537 -0.9908653594199296 -0.9908653594199296 -0.9908653594199296 -0.9908653594199296 0.10825327216742736 1.4100642641614052
129 1549 -0.9857564708084452 -0.9857564708084452 -0.9857564708084452 -0.9857564708084452 0.11934625755152421 1.409168716232533
130 1561 -0.9840466260880711 -0.9840466260880711 -0.9840466260880711 -0.9840466260880711 0.11934625755152421 1.409168716232533
131 1573 -0.9658730418656744 -0.9658730418656744 -0.9658730418656744 -0.9658730418656744 0.18473483194656523 1.4020959460271163
132 1585 -0.9697827542371066 -0.9697827542371066 -0.9697827542371066 -0.9697827542371066 0.18473483194656523 1.4020959460271163
133 1597 -0.9792671939773036 -0.9792671939773036 -0.9792671939773036 -0.9792671939773036 0.1439889093739387 1.4068643125679545
134 1609 -0.9820819214607838 -0.9820819214607838 -0.9820819214607838 -0.9820819214607838 0.1439889093739387 1.4068643125679545
135 1621 -0.971471570288361 -0.971471570288361 -0.971471570288361 -0.971471570288361 0.16890361071226112 1.4040910121100985
136 1633 -0.9597429694967705 -0.9597429694967705 -0.9597429694967705 -0.9597429694967705 0.16890361071226112 1.4040910121100985
137 1645 -0.9442852567324254 -0.9442852567324254 -0.9442852567324254 -0.9442852567324254 0.2360397069723113 1.3943762966761968
138 1657 -0.9510238252864192 -0.9510238252864192 -0.9510238252864192 -0.9510238252864192 0.2360397069723113 1.3943762966761968
139 1669 -0.9617834063114362 -0.9617834063114362 -0.9617834063114362 -0.9617834063114362 0.19549064859620213 1.4006367860053641
140 1681 -0.9373846691432761 -0.9373846691432761 -0.9373846691432761 -0.9373846691432761 0.19549064859620213 1.4006367860053641
141 1693 -0.965073560739284 -0.965073560739284 -0.965073560739284 -0.965073560739284 0.1868861665846779 1.4018108148888293
142 1705 -0.978455552241097 -0.978455552241097 -0.978455552241097 -0.978455552241097 0.1868861665846779 1.4018108148888293
143 1717 -0.9706727784443452 -0.9706727784443452 -0.9706727784443452 -0.9706727784443452 0.1712519242392761 1.4038065317002715
144 1729 -0.9736817415441693 -0.9736817415441693 -0.9736817415441693 -0.9736817415441693 0.1712519242392761 1.4038065317002715
145 1741 -0.9691164012257752 -0.9691164012257752 -0.9691164012257752 -0.9691164012257752 0.17573730046357428 1.4032520804280946
146 1753 -0.9777288562912878 -0.9777288562912878 -0.9777288562912878 -0.9777288562912878 0.17573730046357428 1.4032520804280946
147 1765 -0.9762690249000145 -0.9762690249000145 -0.9762690249000145 -0.9762690249000145 0.15404861278176266 1.4057983585493385
148 1777 -0.9532973662376554 -0.9532973662376554 -0.9532973662376554 -0.9532973662376554 0.15404861278176266 1.4057983585493385
149 1789 -0.9691497325591584 -0.9691497325591584 -0.9691497325591584 -0.9691497325591584 0.17564244202595658 1.4032639568374718
150 1801 -0.9724638012824297 -0.9724638012824297 -0.9724638012824297 -0.9724638012824297 0.17564244202595658 1.4032639568374718
151 1813 -0.9827886046223583 -0.9827886046223583 -0.9827886046223583 -0.9827886046223583 0.13119220776266335 1.408115266809631
152 1825 -0.9835924501229046 -0.9835924501229046 -0.9835924501229046 -0.9835924501229046 0.13119220776266335 1.408115266809631
153 1837 -0.9794579277240986 -0.9794579277240986 -0.9794579277240986 -0.9794579277240986 0.14332505808790513 1.4069320977659505
154 1849 -0.9817211664318761 -0.9817211664318761 -0.9817211664318761 -0.9817211664318761 0.14332505808790513 1.4069320977659505
155 1861 -0.9833277678410557 -0.9833277678410557 -0.9833277678410557 -0.9833277678410557 0.12912099813331843 1.4083067023347775
156 1873 -0.965533793348289 -0.965533793348289 -0.965533793348289 -0.965533793348289 0.12912099813331843 1.4083067023347775
157 1885 -0.9814275953704966 -0.9814275953704966 -0.9814275953704966 -0.9814275953704966 0.1362806098808751 1.4076319104689607
158 1897 -0.9850839256468479 -0.9850839256468479 -0.9850839256468479 -0.9850839256468479 0.1362806098808751 1.4076319104689607
159 1909 -0.9795296253656297 -0.9795296253656297 -0.9795296253656297 -0.9795296253656297 0.14307471696414473 1.4069575776709224
160 1921 -0.9599250805272377 -0.9599250805272377 -0.9599250805272377 -0.9599250805272377 0.14307471696414473 1.4069575776709224
161 1933 -0.9771870343707288 -0.9771870343707288 -0.9771870343707288 -0.9771870343707288 0.15103961609217387 1.4061248288721484
162 1945 -0.988982965513976 -0.988982965513976 -0.988982965513976 -0.988982965513976 0.15103961609217387 1.4061248288721484
163 1957 -0.991474978692342 -0.991474978692342 -0.991474978692342 -0.991474978692342 0.09233104195046261 1.4111962934660585
164 1969 -0.9950314505603806 -0.9950314505603806 -0.9950314505603806 -0.9950314505603806 0.09233104195046261 1.4111962934660585
165 1981 -0.9946157222146315 -0.9946157222146315 -0.9946157222146315 -0.9946157222146315 0.07337763818336306 1.4123086497698127
166 1993 -0.996943880752737 -0.996943880752737 -0.996943880752737 -0.996943880752737 0.07337763818336306 1.4123086497698127
167 2005 -0.998528611777431 -0.998528611777431 -0.998528611777431 -0.998528611777431 0.038358678582152306 1.4136932523632666
168 2017 -0.9973089917105338 -0.9973089917105338 -0.9973089917105338 -0.9973089917105338 0.038358678582152306 1.4136932523632666
169 2029 -0.996727318836239 -0.996727318836239 -0.996727318836239 -0.996727318836239 0.05720735235755156 1.4130560211245127
170 2041 -0.9951188023573545 -0.9951188023573545 -0.9951188023573545 -0.9951188023573545 0.05720735235755156 1.4130560211245127
171 2053 -0.9966944283797545 -0.9966944283797545 -0.9966944283797545 -0.9966944283797545 0.05749410074299436 1.4130443830183659
172 2065 -0.9978516921163706 -0.9978516921163706 -0.9978516921163706 -0.9978516921163706 0.05749410074299436 1.4130443830183659
173 2077 -0.9986763277277841 -0.9986763277277841 -0.9986763277277841 -0.9986763277277841 0.03638230713157035 1.413745496094606
174 2089 -0.9989134302685456 -0.9989134302685456 -0.9989134302685456 -0.9989134302685456 0.03638230713157035 1.413745496094606
175 2101 -0.9990880518623712 -0.9990880518623712 -0.9990880518623712 -0.9990880518623712 0.030198479061518305 1.413891103254551
176 2113 -0.9989525880011926 -0.9989525880011926 -0.9989525880011926 -0.9989525880011926 0.030198479061518305 1.413891103254551
177 2125 -0.9984890034628401 -0.9984890034628401 -0.9984890034628401 -0.9984890034628401 0.03887153890907664 1.4136792434858907
178 2137 -0.9980270292417306 -0.9980270292417306 -0.9980270292417306 -0.9980270292417306 0.03887153890907664 1.4136792434858907
179 2149 -0.9992833971855989 -0.9992833971855989 -0.9992833971855989 -0.9992833971855989 0.02676943806659111 1.4139601823197139
180 2161 -0.998458064956192 -0.998458064956192 -0.998458064956192 -0.998458064956192 0.02676943806659111 1.4139601823197139
181 2173 -0.9986120637471196 -0.9986120637471196 -0.9986120637471196 -0.9986120637471196 0.03725501647940293 1.413722767641209
182 2185 -0.9983722923326572 -0.9983722923326572 -0.9983722923326572 -0.9983722923326572 0.03725501647940293 1.413722767641209
183 2197 -0.9992303852044147 -0.9992303852044147 -0.9992303852044147 -0.9992303852044147 0.027741932080973548 1.4139414362711118
184 2209 -0.9995912883760429 -0.9995912883760429 -0.9995912883760429 -0.9995912883760429 0.027741932080973548 1.4139414362711118
185 2221 -0.9994933646555724 -0.9994933646555724 -0.9994933646555724 -0.9994933646555724 0.022508561580596827 1.4140344283841084
186 2233 -0.9996644539270083 -0.9996644539270083 -0.9996644539270083 -0.9996644539270083 0.022508561580596827 1.4140344283841084
187 2245 -0.9995463399282986 -0.9995463399282986 -0.9995463399282986 -0.9995463399282986 0.021299297446195273 1.4140531602200457
188 2257 -0.9997548124504096 -0.9997548124504096 -0.9997548124504096 -0.9997548124504096 0.021299297446195273 1.4140531602200457
189 2269 -0.9998166816462994 -0.9998166816462994 -0.9998166816462994 -0.9998166816462994 0.013539510836820885 1.4141487480623456
190 2281 -0.9998374252740877 -0.9998374252740877 -0.9998374252740877 -0.9998374252740877 0.013539510836820885 1.4141487480623456
191 2293 -0.9998732926712544 -0.9998732926712544 -0.9998732926712544 -0.9998732926712544 0.011256434992741354 1.4141687638578553
192 2305 -0.9999228429100235 -0.9999228429100235 -0.9999228429100235 -0.9999228429100235 0.011256434992741354 1.4141687638578553
193 2317 -0.9998988510124065 -0.9998988510124065 -0.9998988510124065 -0.9998988510124065 0.010057285299407035 1.4141778003534091
194 2329 -0.9998128360544131 -0.9998128360544131 -0.9998128360544131 -0.9998128360544131 0.010057285299407035 1.4141778003534091
195 2341 -0.9996244881137913 -0.9996244881137913 -0.9996244881137913 -0.9996244881137913 0.019378129068843775 1.4140807926401489
196 2353 -0.9989506206585316 -0.9989506206585316 -0.9989506206585316 -0.9989506206585316 0.019378129068843775 1.4140807926401489
197 2365 -0.9985101213129373 -0.9985101213129373 -0.9985101213129373 -0.9985101213129373 0.038598946709237004 1.413686712575646
198 2377 -0.9988813967366869 -0.9988813967366869 -0.9988813967366869 -0.9988813967366869 0.038598946709237004 1.413686712575646
199 2389 -0.9988174723348164 -0.9988174723348164 -0.9988174723348164 -0.9988174723348164 0.03438789998216842 1.4137954138894413
200 2401 -0.9981108157076433 -0.9981108157076433 -0.9981108157076433 -0.9981108157076433 0.03438789998216842 1.4137954138894413
201 2413 -0.9973220691244022 -0.9973220691244022 -0.9973220691244022 -0.9973220691244022 0.05174872825101846 1.4132664536896085
202 2425 -0.9984447356972469 -0.9984447356972469 -0.9984447356972469 -0.9984447356972469 0.05174872825101846 1.4132664536896085
203 2437 -0.9984517265079565 -0.9984517265079565 -0.9984517265079565 -0.9984517265079565 0.03934810658778267 1.4136660590492922
204 2449 -0.9980104771157952 -0.9980104771157952 -0.9980104771157952 -0.9980104771157952 0.03934810658778267 1.4136660590492922
205 2461 -0.997289299771385 -0.997289299771385 -0.997289299771385 -0.997289299771385 0.05206438541474364 1.4132548601619543
206 2473 -0.9970071417298498 -0.9970071417298498 -0.9970071417298498 -0.9970071417298498 0.05206438541474364 1.4132548601619543
207 2485 -0.9980201472548154 -0.9980201472548154 -0.9980201472548154 -0.9980201472548154 0.04449553623887053 1.4135134054032934
