8.613954e-01, -1.055259e-01, -1.055259e-01, 9.777096e-01
4.759862e-01, 5.854660e-02, 5.854660e-02, 8.748426e-01
3.688287e-01, -1.963176e-01, -1.963176e-01, 9.494335e-01
4.048546e-01, -4.245363e-01, -4.245363e-01, 1.276625e+00
2.910820e-01, -2.216717e-01, -2.216717e-01, 8.219845e-01
4.553768e-01, -4.725792e-01, -4.725792e-01, 1.303774e+00
3.072435e-01, -4.491362e-01, -4.491362e-01, 1.235552e+00
2.073029e-01, -2.495355e-01, -2.495355e-01, 7.154625e-01
1.299548e-01, -1.003178e-01, -1.003178e-01, 3.610409e-01
7.958155e-02, -2.486083e-02, -2.486083e-02, 1.991571e-01
7.788781e-02, -2.863982e-02, -2.863982e-02, 1.118790e-01
5.011212e-02, -2.084723e-02, -2.084723e-02, 9.542677e-02
4.859798e-02, -1.400543e-02, -1.400543e-02, 6.558166e-02
3.686116e-02, -1.516715e-02, -1.516715e-02, 4.732422e-02
3.078533e-02, -1.327682e-02, -1.327682e-02, 2.691185e-02
2.263907e-02, -1.503331e-02, -1.503331e-02, 3.564330e-02
2.003799e-02, -1.181889e-02, -1.181889e-02, 2.194075e-02
1.946354e-02, -9.812939e-03, -9.812939e-03, 1.736897e-02
1.485988e-02, -3.190144e-03, -3.190144e-03, 9.644379e-03
1.802519e-02, -4.572714e-03, -4.572714e-03, 8.410717e-03
3.054929e-02, -7.369271e-03, -7.369271e-03, 6.930280e-03
2.981647e-02, -9.634258e-03, -9.634258e-03, 8.034401e-03
2.496825e-02, -7.818186e-03, -7.818186e-03, 8.381738e-03
2.083691e-02, -5.595408e-03, -5.595408e-03, 6.521068e-03
2.609369e-02, -1.066888e-02, -1.066888e-02, 1.000379e-02
2.952001e-02, -1.179005e-02, -1.179005e-02, 1.068808e-02
2.603183e-02, -1.080211e-02, -1.080211e-02, 8.106301e-03
3.093835e-02, -1.448475e-02, -1.448475e-02, 8.732157e-03
1.856842e-02, -7.796107e-03, -7.796107e-03, 5.048022e-03
1.600173e-02, -6.667140e-03, -6.667140e-03, 4.471910e-03
1.306851e-02, -5.183947e-03, -5.183947e-03, 3.138626e-03
1.347107e-02, -6.252766e-03, -6.252766e-03, 4.321814e-03
9.909649e-03, -4.052441e-03, -4.052441e-03, 2.913035e-03
9.833382e-03, -3.196428e-03, -3.196428e-03, 3.075355e-03
1.088088e-02, -3.771511e-03, -3.771511e-03, 4.144134e-03
1.624130e-02, -4.861726e-03, -4.861726e-03, 3.698185e-03
2.080415e-02, -5.866446e-03, -5.866446e-03, 3.448922e-03
1.583194e-02, -3.786639e-03, -3.786639e-03, 2.466561e-03
1.684951e-02, -4.703538e-03, -4.703538e-03, 2.109136e-03
2.073471e-02, -6.227115e-03, -6.227115e-03, 2.427031e-03
2.257544e-02, -6.583659e-03, -6.583659e-03, 2.358230e-03
1.846199e-02, -5.533734e-03, -5.533734e-03, 2.019341e-03
1.733588e-02, -5.083705e-03, -5.083705e-03, 1.764535e-03
1.517805e-02, -4.471411e-03, -4.471411e-03, 1.525748e-03
1.797627e-02, -5.364836e-03, -5.364836e-03, 1.772559e-03
1.690531e-02, -4.390988e-03, -4.390988e-03, 1.385083e-03
1.000343e-02, -2.283589e-03, -2.283589e-03, 7.819034e-04
1.201991e-02, -2.876520e-03, -2.876520e-03, 9.693973e-04
1.630361e-02, -4.769684e-03, -4.769684e-03, 1.708054e-03
8.437809e-03, -2.728940e-03, -2.728940e-03, 1.195962e-03
8.847928e-03, -2.710087e-03, -2.710087e-03, 9.835850e-04
1.060868e-02, -3.149698e-03, -3.149698e-03, 1.083523e-03
1.143606e-02, -3.135442e-03, -3.135442e-03, 1.036808e-03
1.107395e-02, -3.489720e-03, -3.489720e-03, 1.249683e-03
1.109078e-02, -3.565611e-03, -3.565611e-03, 1.243024e-03
1.041429e-02, -3.322494e-03, -3.322494e-03, 1.130793e-03
1.136372e-02, -3.772293e-03, -3.772293e-03, 1.310087e-03
9.458847e-03, -3.192423e-03, -3.192423e-03, 1.151711e-03
1.375450e-02, -4.943116e-03, -4.943116e-03, 1.838294e-03
1.133698e-02, -4.119164e-03, -4.119164e-03, 1.538882e-03
7.342152e-03, -2.692349e-03, -2.692349e-03, 1.023733e-03
7.391976e-03, -2.764854e-03, -2.764854e-03, 1.066575e-03
8.253744e-03, -3.026995e-03, -3.026995e-03, 1.148637e-03
6.581062e-03, -2.474442e-03, -2.474442e-03, 9.685680e-04
1.071636e-02, -4.018764e-03, -4.018764e-03, 1.533237e-03
7.912565e-03, -2.990240e-03, -2.990240e-03, 1.156761e-03
6.281562e-03, -2.305249e-03, -2.305249e-03, 8.714007e-04
4.817334e-03, -1.786112e-03, -1.786112e-03, 6.787073e-04
5.082684e-03, -1.875822e-03, -1.875822e-03, 7.024990e-04
3.917192e-03, -1.483283e-03, -1.483283e-03, 5.684236e-04
3.785180e-03, -1.431312e-03, -1.431312e-03, 5.457461e-04
3.064581e-03, -1.137726e-03, -1.137726e-03, 4.254228e-04
2.991826e-03, -1.104201e-03, -1.104201e-03, 4.092684e-04
2.630625e-03, -9.728220e-04, -9.728220e-04, 3.610937e-04
4.264873e-03, -1.581753e-03, -1.581753e-03, 5.873513e-04
4.337710e-03, -1.628715e-03, -1.628715e-03, 6.121687e-04
5.108734e-03, -1.926835e-03, -1.926835e-03, 7.272915e-04
2.774366e-03, -1.047634e-03, -1.047634e-03, 3.962790e-04
1.604162e-03, -5.976338e-04, -5.976338e-04, 2.232094e-04
1.725455e-03, -6.404301e-04, -6.404301e-04, 2.380803e-04
1.668343e-03, -6.215864e-04, -6.215864e-04, 2.318316e-04
1.711259e-03, -6.307306e-04, -6.307306e-04, 2.326817e-04
3.311429e-03, -1.230666e-03, -1.230666e-03, 4.575385e-04
5.074788e-03, -1.880408e-03, -1.880408e-03, 6.968768e-04
4.772124e-03, -1.766768e-03, -1.766768e-03, 6.541927e-04
2.954214e-03, -1.087636e-03, -1.087636e-03, 4.005637e-04
2.610253e-03, -9.630789e-04, -9.630789e-04, 3.554249e-04
2.606303e-03, -9.581017e-04, -9.581017e-04, 3.522842e-04
2.561675e-03, -9.415717e-04, -9.415717e-04, 3.462097e-04
2.226095e-03, -8.133143e-04, -8.133143e-04, 2.972668e-04
2.283861e-03, -8.393052e-04, -8.393052e-04, 3.085454e-04
3.354052e-03, -1.232679e-03, -1.232679e-03, 4.531151e-04
3.503973e-03, -1.288196e-03, -1.288196e-03, 4.736413e-04
9.453997e-01, -2.237851e-01, -2.237851e-01, 6.956103e-01
4.940816e-01, -1.445462e-01, -1.445462e-01, 6.501016e-01
4.345530e-01, -1.823163e-01, -1.823163e-01, 5.484237e-01
3.853868e-01, -1.971702e-01, -1.971702e-01, 4.229455e-01
3.341808e-01, -1.928273e-01, -1.928273e-01, 2.954637e-01
3.959441e-01, -2.170480e-01, -2.170480e-01, 2.841399e-01
4.058514e-01, -2.497540e-01, -2.497540e-01, 2.395874e-01
8.011001e-01, -5.299627e-01, -5.299627e-01, 4.082197e-01
8.404524e-01, -5.740442e-01, -5.740442e-01, 4.428957e-01
6.079229e-01, -4.598883e-01, -4.598883e-01, 4.198418e-01
4.672748e-01, -3.332888e-01, -3.332888e-01, 2.921624e-01
3.763374e-01, -2.773967e-01, -2.773967e-01, 2.483544e-01
6.125019e-01, -4.477632e-01, -4.477632e-01, 3.605606e-01
5.912317e-01, -4.056092e-01, -4.056092e-01, 3.174488e-01
4.154928e-01, -2.477970e-01, -2.477970e-01, 1.925418e-01
3.205288e-01, -2.071327e-01, -2.071327e-01, 1.770159e-01
2.970785e-01, -2.272897e-01, -2.272897e-01, 2.363535e-01
2.989710e-01, -2.602816e-01, -2.602816e-01, 2.802870e-01
3.924460e-01, -4.079503e-01, -4.079503e-01, 4.756661e-01
4.369906e-01, -4.819680e-01, -4.819680e-01, 5.670972e-01
5.162829e-01, -6.104774e-01, -6.104774e-01, 7.465725e-01
7.996057e-01, -9.606523e-01, -9.606523e-01, 1.171088e+00
7.244710e-01, -8.745957e-01, -8.745957e-01, 1.072027e+00
3.910214e-01, -4.636269e-01, -4.636269e-01, 5.651140e-01
4.494809e-01, -5.578238e-01, -5.578238e-01, 7.016694e-01
4.386922e-01, -5.591861e-01, -5.591861e-01, 7.214694e-01
3.599573e-01, -4.508360e-01, -4.508360e-01, 5.699061e-01
2.837180e-01, -3.647830e-01, -3.647830e-01, 4.739035e-01
3.195511e-01, -4.124784e-01, -4.124784e-01, 5.368781e-01
4.019134e-01, -5.171063e-01, -5.171063e-01, 6.675513e-01
4.140909e-01, -5.322646e-01, -5.322646e-01, 6.857283e-01
4.112498e-01, -5.239714e-01, -5.239714e-01, 6.688440e-01
6.294970e-01, -7.986923e-01, -7.986923e-01, 1.014350e+00
9.411354e-01, -1.216672e+00, -1.216672e+00, 1.574054e+00
1.177182e+00, -1.508721e+00, -1.508721e+00, 1.935136e+00
1.123194e+00, -1.437191e+00, -1.437191e+00, 1.840224e+00
1.025881e+00, -1.312011e+00, -1.312011e+00, 1.678707e+00
1.003797e+00, -1.273371e+00, -1.273371e+00, 1.615892e+00
7.295682e-01, -9.285038e-01, -9.285038e-01, 1.182077e+00
6.355850e-01, -8.069371e-01, -8.069371e-01, 1.024871e+00
5.740476e-01, -7.301464e-01, -7.301464e-01, 9.289224e-01
4.281449e-01, -5.451340e-01, -5.451340e-01, 6.942769e-01
3.781527e-01, -4.834391e-01, -4.834391e-01, 6.182103e-01
2.807505e-01, -3.588636e-01, -3.588636e-01, 4.588691e-01
2.016270e-01, -2.579112e-01, -2.579112e-01, 3.300405e-01
1.871440e-01, -2.393720e-01, -2.393720e-01, 3.062480e-01
1.858519e-01, -2.383266e-01, -2.383266e-01, 3.056834e-01
1.759239e-01, -2.260899e-01, -2.260899e-01, 2.906475e-01
2.277986e-01, -2.929576e-01, -2.929576e-01, 3.768107e-01
1.859794e-01, -2.390523e-01, -2.390523e-01, 3.073353e-01
1.875378e-01, -2.413027e-01, -2.413027e-01, 3.105282e-01
1.809206e-01, -2.333482e-01, -2.333482e-01, 3.010323e-01
1.753298e-01, -2.255841e-01, -2.255841e-01, 2.902922e-01
1.740579e-01, -2.250841e-01, -2.250841e-01, 2.911139e-01
1.059358e-01, -1.372272e-01, -1.372272e-01, 1.778172e-01
8.049233e-02, -1.041948e-01, -1.041948e-01, 1.349375e-01
1.197801e-01, -1.558879e-01, -1.558879e-01, 2.029298e-01
1.154429e-01, -1.508338e-01, -1.508338e-01, 1.971240e-01
1.309206e-01, -1.714414e-01, -1.714414e-01, 2.245469e-01
1.404220e-01, -1.841296e-01, -1.841296e-01, 2.414644e-01
1.878347e-01, -2.468331e-01, -2.468331e-01, 3.243776e-01
1.584444e-01, -2.081541e-01, -2.081541e-01, 2.734762e-01
1.177455e-01, -1.547354e-01, -1.547354e-01, 2.033671e-01
7.111582e-02, -9.353104e-02, -9.353104e-02, 1.230342e-01
9.131542e-02, -1.199713e-01, -1.199713e-01, 1.576383e-01
5.653694e-02, -7.434674e-02, -7.434674e-02, 9.779275e-02
3.888625e-02, -5.097637e-02, -5.097637e-02, 6.684881e-02
3.463915e-02, -4.558732e-02, -4.558732e-02, 6.001697e-02
2.536317e-02, -3.364492e-02, -3.364492e-02, 4.465299e-02
2.582337e-02, -3.428518e-02, -3.428518e-02, 4.553585e-02
2.695060e-02, -3.575912e-02, -3.575912e-02, 4.745651e-02
3.235179e-02, -4.304956e-02, -4.304956e-02, 5.730000e-02
3.738323e-02, -4.951577e-02, -4.951577e-02, 6.560184e-02
2.881904e-02, -3.823585e-02, -3.823585e-02, 5.073950e-02
3.545529e-02, -4.688534e-02, -4.688534e-02, 6.201473e-02
2.580247e-02, -3.404138e-02, -3.404138e-02, 4.492938e-02
3.313952e-02, -4.363591e-02, -4.363591e-02, 5.747213e-02
3.872573e-02, -5.116337e-02, -5.116337e-02, 6.760888e-02
4.150583e-02, -5.503873e-02, -5.503873e-02, 7.299763e-02
3.001057e-02, -3.977024e-02, -3.977024e-02, 5.271453e-02
2.455926e-02, -3.258170e-02, -3.258170e-02, 4.323188e-02
2.851082e-02, -3.790363e-02, -3.790363e-02, 5.039735e-02
4.197577e-02, -5.590707e-02, -5.590707e-02, 7.446776e-02
6.760857e-02, -9.002678e-02, -9.002678e-02, 1.198816e-01
6.483374e-02, -8.647114e-02, -8.647114e-02, 1.153332e-01
6.334502e-02, -8.458643e-02, -8.458643e-02, 1.129536e-01
5.198034e-02, -6.946500e-02, -6.946500e-02, 9.283326e-02
4.198637e-02, -5.598785e-02, -5.598785e-02, 7.466109e-02
5.082840e-02, -6.781786e-02, -6.781786e-02, 9.048859e-02
4.664712e-02, -6.231053e-02, -6.231053e-02, 8.323535e-02
3.434387e-02, -4.594298e-02, -4.594298e-02, 6.146180e-02
3.222283e-02, -4.306634e-02, -4.306634e-02, 5.756060e-02
2.605495e-02, -3.483960e-02, -3.483960e-02, 4.658736e-02
1.995521e-02, -2.666721e-02, -2.666721e-02, 3.563789e-02
1.040732e-02, -1.389572e-02, -1.389572e-02, 1.855477e-02
8.505343e-03, -1.136018e-02, -1.136018e-02, 1.517420e-02
6.315614e-03, -8.422347e-03, -8.422347e-03, 1.123304e-02
6.009981e-03, -8.010808e-03, -8.010808e-03, 1.067924e-02
4.680979e-03, -6.281646e-03, -6.281646e-03, 8.431964e-03
3.762625e-03, -5.049602e-03, -5.049602e-03, 6.779186e-03
2.688580e-03, -3.623437e-03, -3.623437e-03, 4.886140e-03
2.814758e-03, -3.793748e-03, -3.793748e-03, 5.116390e-03
2.571952e-03, -3.463912e-03, -3.463912e-03, 4.667166e-03
2.338610e-03, -3.156837e-03, -3.156837e-03, 4.263535e-03
2.304230e-03, -3.120938e-03, -3.120938e-03, 4.228421e-03
2.003991e-03, -2.727708e-03, -2.727708e-03, 3.713712e-03
1.938667e-03, -2.635909e-03, -2.635909e-03, 3.584593e-03
2.237245e-03, -3.034245e-03, -3.034245e-03, 4.115730e-03
1.789622e-03, -2.429669e-03, -2.429669e-03, 3.299140e-03
1.376043e-03, -1.867255e-03, -1.867255e-03, 2.534188e-03
1.112572e-03, -1.511879e-03, -1.511879e-03, 2.055007e-03
9.636995e-04, -1.302962e-03, -1.302962e-03, 1.762426e-03
9.384653e-04, -1.272241e-03, -1.272241e-03, 1.725270e-03
7.522826e-04, -1.013038e-03, -1.013038e-03, 1.365214e-03
5.270375e-04, -7.051277e-04, -7.051277e-04, 9.447441e-04
4.390496e-04, -5.885782e-04, -5.885782e-04, 7.905332e-04
3.337982e-04, -4.469212e-04, -4.469212e-04, 6.008025e-04
1.879626e-04, -2.435236e-04, -2.435236e-04, 3.185395e-04
1.677883e-04, -2.137592e-04, -2.137592e-04, 2.749484e-04
2.013307e-04, -2.498637e-04, -2.498637e-04, 3.145362e-04
1.352785e-04, -1.726816e-04, -1.726816e-04, 2.234491e-04
1.264833e-04, -1.640945e-04, -1.640945e-04, 2.154724e-04
1.492730e-04, -1.980338e-04, -1.980338e-04, 2.651314e-04
1.014099e-04, -1.320383e-04, -1.320383e-04, 1.748308e-04
8.032541e-05, -1.112036e-04, -1.112036e-04, 1.566810e-04
8.794245e-05, -1.269884e-04, -1.269884e-04, 1.860795e-04
8.508403e-05, -1.264136e-04, -1.264136e-04, 1.922997e-04
7.920079e-05, -1.206706e-04, -1.206706e-04, 1.872597e-04
7.579343e-05, -1.171588e-04, -1.171588e-04, 1.863712e-04
6.781080e-05, -1.123808e-04, -1.123808e-04, 1.923332e-04
5.638751e-05, -8.459834e-05, -8.459834e-05, 1.360507e-04
4.499239e-05, -7.143161e-05, -7.143161e-05, 1.205849e-04
4.745054e-05, -7.982680e-05, -7.982680e-05, 1.400406e-04
5.187281e-05, -9.287637e-05, -9.287637e-05, 1.724151e-04
4.520637e-05, -7.901592e-05, -7.901592e-05, 1.463421e-04
3.021041e-05, -5.643588e-05, -5.643588e-05, 1.144575e-04
2.417362e-05, -4.500668e-05, -4.500668e-05, 9.397360e-05
2.065059e-05, -3.882808e-05, -3.882808e-05, 8.071918e-05
1.411786e-05, -3.143644e-05, -3.143644e-05, 7.567342e-05
9.939930e-06, -1.986121e-05, -1.986121e-05, 4.516401e-05
1.569028e-05, -3.212151e-05, -3.212151e-05, 7.060580e-05
2.225140e-05, -4.338756e-05, -4.338756e-05, 8.836717e-05
1.464655e-05, -2.971397e-05, -2.971397e-05, 6.397945e-05
1.192989e-05, -2.459308e-05, -2.459308e-05, 5.347553e-05
9.294842e-06, -2.033219e-05, -2.033219e-05, 4.735592e-05
8.232822e-06, -1.814410e-05, -1.814410e-05, 4.182977e-05
7.847320e-06, -1.820514e-05, -1.820514e-05, 4.431263e-05
5.633046e-06, -1.197873e-05, -1.197873e-05, 2.802989e-05
5.725062e-06, -1.321023e-05, -1.321023e-05, 3.245328e-05
5.637750e-06, -1.180145e-05, -1.180145e-05, 2.612271e-05
6.285861e-06, -1.317242e-05, -1.317242e-05, 2.857895e-05
6.578810e-06, -1.316298e-05, -1.316298e-05, 2.722265e-05
7.078617e-06, -1.371680e-05, -1.371680e-05, 2.770674e-05
6.017004e-06, -1.202879e-05, -1.202879e-05, 2.495096e-05
5.005376e-06, -1.023643e-05, -1.023643e-05, 2.165027e-05
3.144541e-06, -6.190318e-06, -6.190318e-06, 1.307175e-05
3.925440e-06, -7.871955e-06, -7.871955e-06, 1.638929e-05
4.118246e-06, -8.378836e-06, -8.378836e-06, 1.756745e-05
3.289869e-06, -6.378736e-06, -6.378736e-06, 1.289007e-05
2.089594e-06, -4.640760e-06, -4.640760e-06, 1.118514e-05
2.145331e-06, -4.836958e-06, -4.836958e-06, 1.142076e-05
2.319933e-06, -5.659914e-06, -5.659914e-06, 1.411779e-05
2.521851e-06, -6.046335e-06, -6.046335e-06, 1.474693e-05
4.178175e-06, -9.764342e-06, -9.764342e-06, 2.304760e-05
3.391111e-06, -8.049824e-06, -8.049824e-06, 1.931613e-05
4.367965e-06, -1.046859e-05, -1.046859e-05, 2.524387e-05
6.384031e-06, -1.549094e-05, -1.549094e-05, 3.769984e-05
5.656774e-06, -1.340377e-05, -1.340377e-05, 3.193195e-05
5.453045e-06, -1.308813e-05, -1.308813e-05, 3.162013e-05
4.534894e-06, -1.085994e-05, -1.085994e-05, 2.626260e-05
5.082539e-06, -1.219377e-05, -1.219377e-05, 2.944903e-05
5.802224e-06, -1.376677e-05, -1.376677e-05, 3.280484e-05
7.476863e-06, -1.737373e-05, -1.737373e-05, 4.047781e-05
7.291604e-06, -1.702193e-05, -1.702193e-05, 3.982342e-05
5.633127e-06, -1.313128e-05, -1.313128e-05, 3.066599e-05
5.480957e-06, -1.299988e-05, -1.299988e-05, 3.089814e-05
3.540648e-06, -8.325583e-06, -8.325583e-06, 1.963631e-05
2.535873e-06, -5.894733e-06, -5.894733e-06, 1.375676e-05
4.447308e-06, -1.062945e-05, -1.062945e-05, 2.544177e-05
3.635838e-06, -8.712703e-06, -8.712703e-06, 2.094313e-05
4.324689e-06, -1.043648e-05, -1.043648e-05, 2.525570e-05
3.130127e-06, -7.592558e-06, -7.592558e-06, 1.847691e-05
5.491364e-06, -1.337280e-05, -1.337280e-05, 3.261618e-05
7.116641e-06, -1.736927e-05, -1.736927e-05, 4.242710e-05
7.120309e-06, -1.753335e-05, -1.753335e-05, 4.321866e-05
9.255454e-06, -2.293896e-05, -2.293896e-05, 5.689067e-05
8.154918e-06, -2.036664e-05, -2.036664e-05, 5.091119e-05
1.144576e-05, -2.846091e-05, -2.846091e-05, 7.080535e-05
1.087126e-05, -2.695515e-05, -2.695515e-05, 6.685949e-05
9.129598e-06, -2.263804e-05, -2.263804e-05, 5.615228e-05
8.052023e-06, -1.993647e-05, -1.993647e-05, 4.937436e-05
8.269462e-06, -2.046416e-05, -2.046416e-05, 5.064980e-05
5.230824e-06, -1.295765e-05, -1.295765e-05, 3.210481e-05
4.516241e-06, -1.117334e-05, -1.117334e-05, 2.765356e-05
3.720372e-06, -9.199254e-06, -9.199254e-06, 2.276381e-05
1.814305e-06, -4.475466e-06, -4.475466e-06, 1.106313e-05
2.000402e-06, -4.937396e-06, -4.937396e-06, 1.222288e-05
2.116730e-06, -5.303734e-06, -5.303734e-06, 1.331896e-05
1.839062e-06, -4.616110e-06, -4.616110e-06, 1.161405e-05
1.332708e-06, -3.325942e-06, -3.325942e-06, 8.331761e-06
1.082104e-06, -2.675125e-06, -2.675125e-06, 6.648877e-06
1.242851e-06, -3.005311e-06, -3.005311e-06, 7.289737e-06
1.321685e-06, -3.199713e-06, -3.199713e-06, 7.770342e-06
8.925831e-07, -2.126927e-06, -2.126927e-06, 5.088457e-06
6.633564e-07, -1.621367e-06, -1.621367e-06, 3.984496e-06
5.521553e-07, -1.352307e-06, -1.352307e-06, 3.331904e-06
6.056419e-07, -1.479329e-06, -1.479329e-06, 3.627732e-06
