% # columns="iteration, evaluation, sigma, void, void,  stds==sigma*sqrt(diag(C))", seed=5, Mon Nov 30 22:01:37 2020, <python>{}</python>
1 12 1.9662552725475855 0 0 1.8249088197400725 1.9442174538260586
2 24 1.7558678138549615 0 0 1.2114039621258872 1.642316164073241
3 36 1.9517457901195165 0 0 1.1853199359443407 1.9017592489662716
4 48 2.5547446987498006 0 0 1.62553766701 2.886551063779464
5 60 2.0624997262046127 0 0 1.1127601377710667 1.8699315278975246
6 72 2.875093832181505 0 0 1.940159719053674 3.282866390888312
7 84 2.421659385762499 0 0 1.3423148011511008 2.6918043616769087
8 96 1.713244978673471 0 0 0.7800494477445774 1.4491485938790207
9 108 1.3436911576036257 0 0 0.4843904772571703 0.8073793437516145
10 120 0.9510598072938131 0 0 0.26829589294162237 0.4244296163594754
11 132 0.6802393549208295 0 0 0.18984383197375862 0.2275286165629731
12 144 0.5426726618464199 0 0 0.12148127823711173 0.1676382250181071
13 156 0.5469043564406502 0 0 0.12056479197357275 0.1400562779505607
14 168 0.4251125180492531 0 0 0.08161845507533343 0.09247953315144751
15 180 0.3248317183715378 0 0 0.056994154129583474 0.05328809431844839
16 192 0.36714580756104226 0 0 0.05524179959105147 0.06931504884934386
17 204 0.2514876046878767 0 0 0.035599484342138214 0.03725137187140082
18 216 0.2521741877460147 0 0 0.03518127562078135 0.033234384182030584
19 228 0.20385330204141094 0 0 0.024849947309588945 0.020019576013611238
20 240 0.18958283011982813 0 0 0.025452998443233045 0.01738663427020627
21 252 0.2387103232858299 0 0 0.04172263952606972 0.019872229714424563
22 264 0.2591153088022748 0 0 0.044742596200319465 0.023225754610296648
23 276 0.26533486365866926 0 0 0.041926477684998485 0.024291892898300686
24 288 0.21613958623754792 0 0 0.031199739596062093 0.017453948478269737
25 300 0.2676855754514514 0 0 0.043240700753325666 0.026773635895058254
26 312 0.3090866060403334 0 0 0.05310537313174336 0.031954348079145066
27 324 0.23257609625000436 0 0 0.03752472004887908 0.020939988572672975
28 336 0.21965054911486218 0 0 0.03863499474857366 0.020525467889117775
29 348 0.16203066949962228 0 0 0.022079268496936935 0.011512186883381733
30 360 0.1646084018742326 0 0 0.020822625594955773 0.01100774881212899
31 372 0.1141221245685746 0 0 0.013046164995465912 0.006393514208892562
32 384 0.12485271955925784 0 0 0.01449102292592735 0.008207880513137283
33 396 0.10646434364300922 0 0 0.010598229694372949 0.005746150733304405
34 408 0.18846031323237827 0 0 0.018688367231518503 0.010451233499384932
35 420 0.17220670402957144 0 0 0.01796312873549306 0.011085797103486329
36 432 0.21406982917627876 0 0 0.027281348625688446 0.013018165019792298
37 444 0.25748680425716874 0 0 0.037138977170141134 0.015121562081132038
38 456 0.23159312659882778 0 0 0.02914021182118471 0.01150195427046512
39 468 0.21067044492114062 0 0 0.0273462159422473 0.009675109165707728
40 480 0.21212606899291966 0 0 0.030545201915548836 0.010450370103959281
41 492 0.1997842303645752 0 0 0.03001783267956602 0.009701844761223767
42 504 0.15233528971600938 0 0 0.020698544503578074 0.006845502433187261
43 516 0.11097802887380905 0 0 0.014612010919461401 0.004661784099275526
44 528 0.09233043873495553 0 0 0.011375040377945969 0.003606503555098387
45 540 0.09738824931584011 0 0 0.013057388979571932 0.004100218033055624
46 552 0.1277573304273145 0 0 0.016611060598533102 0.00475470663591125
47 564 0.10474449133932372 0 0 0.010476244593543472 0.002928921585407781
48 576 0.1030280551607561 0 0 0.011295514780365916 0.003207793529618473
49 588 0.13978125866810512 0 0 0.017848052731106307 0.0057769658118357325
50 600 0.10079798012806179 0 0 0.009259055402550181 0.0034858645540846844
51 612 0.09148014008706563 0 0 0.0086049355537205 0.0028690147374079585
52 624 0.08585595044012664 0 0 0.008843031024375905 0.0028261132225022305
53 636 0.0901031500569503 0 0 0.009635585885306682 0.002901276734537403
54 648 0.09061699319603873 0 0 0.009535881259990834 0.003203388192244952
55 660 0.08511625105750219 0 0 0.008963827149347747 0.003000904604232458
56 672 0.08546908383096233 0 0 0.00872215691460492 0.002874091094284624
57 684 0.09395685048036946 0 0 0.01001587124734836 0.0034007795828361605
58 696 0.06914521479617203 0 0 0.006724828674418167 0.002346571979243231
59 708 0.08924741848268332 0 0 0.010466899810309684 0.003826512789897281
60 720 0.06726321971103269 0 0 0.0071618692921532326 0.0026386411004882845
61 732 0.05504188506172291 0 0 0.004716338821684237 0.0017611104248065144
62 744 0.052111528646318246 0 0 0.004480372222638077 0.0017018819392519606
63 756 0.06276188919309904 0 0 0.00570192509191605 0.0021270972126336946
64 768 0.06423976919961857 0 0 0.005211370663684357 0.00199925889613735
65 780 0.08131915893827604 0 0 0.008418145785867867 0.0031841790061982573
66 792 0.06674411264815311 0 0 0.0059370625071071 0.002270047053688655
67 804 0.06300640864003298 0 0 0.004993655100353647 0.0018599175315472027
68 816 0.05301524230940229 0 0 0.0036796298982820336 0.001381153727836158
69 828 0.04142218217399515 0 0 0.0029531094242325577 0.0010978823911349481
70 840 0.03577090502363827 0 0 0.002238810653970088 0.0008528368546545228
71 852 0.027276846565737294 0 0 0.0016781756742898603 0.0006372201184571548
72 864 0.023773905185540636 0 0 0.0013160915157116363 0.0004903553341020914
73 876 0.018083297837791067 0 0 0.0009891126703484034 0.0003658320448530102
74 888 0.015413695507036265 0 0 0.0007905626046617396 0.00029289823658572295
75 900 0.018687282101950642 0 0 0.0012203915828518468 0.00045289246902405553
76 912 0.019884591821392014 0 0 0.0013096249591325016 0.0004919854288346973
77 924 0.01579668368324564 0 0 0.0011290744605124488 0.000426010390479323
78 936 0.01464755661533061 0 0 0.0007715198135036415 0.0002915853737432865
79 948 0.01142197610640426 0 0 0.00045747291890830763 0.00017064654880532775
80 960 0.011851533777475373 0 0 0.0004922961046737537 0.00018286738884003636
81 972 0.009772667593867485 0 0 0.00039916812229812013 0.0001487988017607775
82 984 0.015091287746195517 0 0 0.0006242868819196877 0.00023020112185444009
83 996 0.01815037493144706 0 0 0.0010444636139935392 0.0003882392187978808
84 1008 0.03254730103300972 0 0 0.0023185898198473352 0.0008591974485491356
85 1020 0.03691194955424006 0 0 0.0025498982047282566 0.0009441039743265755
86 1032 0.04269678814809594 0 0 0.002320684984599271 0.0008545372548988362
87 1044 0.03568035862999046 0 0 0.0018229321000026136 0.0006726716426248298
88 1056 0.037346907024362004 0 0 0.0019066329902544304 0.0007009729215165122
89 1068 0.0443221381127568 0 0 0.0022432761384776493 0.000824689246150014
90 1080 0.0481037972379981 0 0 0.002269609619979592 0.0008293781627147195
91 1092 0.04382728689395364 0 0 0.0020944953800377604 0.0007698465218400763
92 1104 0.051324200595997176 0 0 0.002972398742510856 0.001092512569292632
93 1116 0.04718364435974226 0 0 0.0027930060517679335 0.0010268718969752685
1 13 0.03357817574062679 0 0 0.03264862055207908 0.028005292384319532
2 25 0.026253160122924106 0 0 0.01845359338870253 0.021167627749234044
3 37 0.02215077020683267 0 0 0.014601928181014086 0.016403893656522957
4 49 0.018898334581789057 0 0 0.011731997072543639 0.012290392004351445
5 61 0.01323225782019193 0 0 0.007649353293552779 0.007192601281366889
6 73 0.010746707080642723 0 0 0.006762267391321288 0.005728507777082178
7 85 0.009046990804148117 0 0 0.005763518608373748 0.0044282907990882804
8 97 0.012598613639126788 0 0 0.011276288079946345 0.00804951520328468
9 109 0.014923208136823686 0 0 0.01368102898076896 0.009931456339492155
10 121 0.016774114143727505 0 0 0.013078678044821134 0.010868820614587526
11 133 0.015969571990776147 0 0 0.010916400136251708 0.00863188107503682
12 145 0.01374245212825452 0 0 0.0084304923307891 0.006848573618449507
13 157 0.01437352353156212 0 0 0.011249078863859948 0.008630825852486066
14 169 0.01701162607189316 0 0 0.013080509934881687 0.009584791473154258
15 181 0.018299328023126303 0 0 0.011795514620759982 0.008029669117732202
16 193 0.014478109574983404 0 0 0.008196819515394164 0.006091412156071254
17 205 0.01975484471779695 0 0 0.010767360651203197 0.009604055957925968
18 217 0.022907433933953218 0 0 0.01252538192732403 0.01212768493164674
19 229 0.031903708077734697 0 0 0.019986241200071038 0.02200352599979523
20 241 0.03296680347853876 0 0 0.021792791968865632 0.024825934547238773
21 253 0.033173673108859825 0 0 0.023836223054057127 0.028663522835396582
22 265 0.04337602420167751 0 0 0.03878713224525478 0.04694014397390251
23 277 0.03580146205177188 0 0 0.030472722563282907 0.037068376775147106
24 289 0.02880364837043756 0 0 0.018011411132067088 0.02165287417027722
25 301 0.024513425201182396 0 0 0.01643461788566317 0.02053384492304306
26 313 0.022293089412656262 0 0 0.014765570334231192 0.018935606406952417
27 325 0.01898708575406908 0 0 0.011391576268929775 0.014333754111797447
28 337 0.01623778426094311 0 0 0.00864908661038575 0.011178196442842422
29 349 0.015524706010309005 0 0 0.008775938296707305 0.011375256962562686
30 361 0.016071555806659407 0 0 0.010188825833737009 0.013131073823682693
31 373 0.015837389094834852 0 0 0.010191343675060416 0.013114737666052497
32 385 0.01288183106721775 0 0 0.008260958263401855 0.010535133060556649
33 397 0.015154160495465734 0 0 0.012023439474049984 0.015262504441955933
34 409 0.022927840794249275 0 0 0.022242787145507304 0.02876557059938066
35 421 0.026121230356948265 0 0 0.02834101660449227 0.03633702542706872
36 433 0.027200892198455742 0 0 0.028827734690721574 0.036899329479754814
37 445 0.022275624889590416 0 0 0.022562046472126406 0.02886140099604593
38 457 0.023815889373973182 0 0 0.023861061688403216 0.030274222097353927
39 469 0.01646551351848047 0 0 0.014063979741677774 0.01790185673452572
40 481 0.01791347069923688 0 0 0.014281260473349343 0.0181348653854721
41 493 0.016021253069581153 0 0 0.01213865075127815 0.015441383045649919
42 505 0.01318109716028227 0 0 0.008624758242235395 0.010982922691709012
43 517 0.012831319268034748 0 0 0.007890507572304487 0.010088798022534711
44 529 0.010570912231238464 0 0 0.00560109223887869 0.0071607227420918615
45 541 0.009708683460488915 0 0 0.00435948028836567 0.005577556094138659
46 553 0.007210694408270643 0 0 0.0031193564220981765 0.003990374957799681
47 565 0.007971503322863317 0 0 0.003436558185364978 0.004407335885269014
48 577 0.00816632257469887 0 0 0.003425223870886094 0.0044026057312829305
49 589 0.006715209824837575 0 0 0.0032050525452583896 0.004122125569236138
50 601 0.0075590384647990505 0 0 0.0032598601085037904 0.004190566900795317
51 613 0.007221039313192753 0 0 0.003127117005148851 0.00402392855673816
52 625 0.007747557752016611 0 0 0.003295404902458782 0.004250807184313114
53 637 0.006913845030688535 0 0 0.0028949930459914405 0.0037250945571166384
54 649 0.00738276234826035 0 0 0.003080106366375535 0.003983367230937461
55 661 0.008198343755692446 0 0 0.0026683790512980685 0.00345710809242135
56 673 0.007629567985896533 0 0 0.002164597661251952 0.0028026335784104247
57 685 0.010051022359955922 0 0 0.0034785846398903996 0.004527756962438029
58 697 0.016864430017433683 0 0 0.005730008931744422 0.007487579968348387
59 709 0.024686020993020148 0 0 0.008932132083555984 0.011697810833668217
60 721 0.020655543529162126 0 0 0.0077402373896253325 0.010149932352920445
61 733 0.025227151690153236 0 0 0.010933423909731505 0.014367910776704837
62 745 0.02563559358740724 0 0 0.01020426769036819 0.013406120234378222
63 757 0.024337561579208414 0 0 0.008351208008119759 0.010975324249876262
64 769 0.018324257420414155 0 0 0.00488663042842703 0.0064274576994555474
65 781 0.021276872006769962 0 0 0.006429538952491158 0.008447702522404454
66 793 0.019915412034069376 0 0 0.004735386450370246 0.006227914213126559
67 805 0.016186459609074888 0 0 0.003191904774684728 0.0041850311354834305
68 817 0.01636202259171756 0 0 0.0030452335693503295 0.004008427230115143
69 829 0.015150172521864794 0 0 0.002412788811247803 0.003201421325788907
70 841 0.014215875763361075 0 0 0.0022844418701904842 0.0030335444555484497
71 853 0.013861858245803086 0 0 0.002275650882246008 0.003019738613668747
72 865 0.022345590818363664 0 0 0.0040192124871977425 0.0053489576589086365
73 877 0.043833229047672624 0 0 0.008475042127258985 0.011226942014739174
74 889 0.043554027960595355 0 0 0.007393806869437586 0.00981073192825065
75 901 0.04861730798453175 0 0 0.009154432196092573 0.01210705016529938
76 913 0.05026004331054526 0 0 0.008073344405287463 0.010653396377462829
77 925 0.048616173106188314 0 0 0.008850215470167478 0.011654923479479192
78 937 0.055355891065795776 0 0 0.010893404534404625 0.01439347710530165
79 949 0.0659855298279752 0 0 0.013443218539304658 0.0178280194057536
80 961 0.05632097204415141 0 0 0.00975679698608951 0.012931094679967099
81 973 0.048793900462211194 0 0 0.007646685300321509 0.010145363008295301
82 985 0.05336583686890804 0 0 0.009010900294307168 0.011980285689364703
83 997 0.05629359835870478 0 0 0.011533425684637933 0.015361837270225054
84 1009 0.06291286185473284 0 0 0.0163583804226212 0.02178290252747148
85 1021 0.07968084670948156 0 0 0.02028871166795861 0.027060205544442432
86 1033 0.06956551643533646 0 0 0.01750855295933063 0.02337997206329913
87 1045 0.06001149791616757 0 0 0.013682139210811274 0.01828463407637535
88 1057 0.05226988735218307 0 0 0.010710401219002129 0.014282319258108888
89 1069 0.04811381285549118 0 0 0.010847333299450708 0.014473271008550762
90 1081 0.04332196019477347 0 0 0.009356652895177696 0.012498617899331162
91 1093 0.04860452092163004 0 0 0.009007437770439563 0.012049784976699224
92 1105 0.04952526519964438 0 0 0.00889014047810709 0.011881997939122004
93 1117 0.04079446503793271 0 0 0.006584856733630137 0.008805120219537405
94 1129 0.038096096353847156 0 0 0.005381565849849541 0.007191781351632507
95 1141 0.03732299376338538 0 0 0.0038075530043712607 0.005083984593884524
96 1153 0.027719746488478216 0 0 0.0025564374499283463 0.0034146179200828537
97 1165 0.031144693100950215 0 0 0.0024750948795134965 0.003300903236007028
98 1177 0.028723586308654254 0 0 0.002226769176763431 0.002968307528764194
99 1189 0.04171940943713506 0 0 0.0028543451761191365 0.0038309150670308863
100 1201 0.0415169498766897 0 0 0.002546659815997863 0.0034183316797820884
101 1213 0.04498159435831114 0 0 0.0023323641715357448 0.003144255291894696
102 1225 0.04005648677434849 0 0 0.002125168565982947 0.0028651981297830183
103 1237 0.030044668732921005 0 0 0.0015236977856435334 0.0020525513797296805
104 1249 0.026056811135126864 0 0 0.0012600860488543955 0.0017013989331415302
105 1261 0.020405881971464108 0 0 0.0009795311747555478 0.0013269192132092259
106 1273 0.019310743709634 0 0 0.0008644638724418121 0.0011768011817128925
107 1285 0.015702886803577076 0 0 0.0006914027731257356 0.000940154936048209
108 1297 0.017193666222649128 0 0 0.0008132522828552004 0.001103041728841296
109 1309 0.015614085869090862 0 0 0.000660537114343965 0.0008968439992694123
110 1321 0.012217764227224738 0 0 0.00045321862519611485 0.0006150510142418105
111 1333 0.013192752005305623 0 0 0.0004400474412040334 0.0005980562628791089
112 1345 0.015777888178831936 0 0 0.0004898010309750107 0.0006623756104704031
113 1357 0.015230664954670795 0 0 0.00046658200462770013 0.0006326265710625132
114 1369 0.022023003605505697 0 0 0.0006040418775478656 0.0008137237086236372
115 1381 0.02074968263833201 0 0 0.00047635661678359684 0.0006377765727100056
116 1393 0.02210531099273427 0 0 0.00046318387523576975 0.0006215222417169233
117 1405 0.0294876652673331 0 0 0.0005387439039622906 0.0007227802380378663
118 1417 0.02698263972178408 0 0 0.00036993051691117145 0.00048157740579363504
119 1429 0.018966239579883446 0 0 0.00024567559476981765 0.0003144899942439435
120 1441 0.025921802694493668 0 0 0.0003678071840537341 0.00045972752481424637
121 1453 0.01857457966277841 0 0 0.0002160396402777592 0.0002776567826166374
122 1465 0.01619246229484329 0 0 0.00018210817323758056 0.00023768881386324227
123 1477 0.01821466296624851 0 0 0.00022254190702841834 0.00029658672232345544
124 1489 0.02022304231423935 0 0 0.00020365110380199066 0.0002673963343642588
125 1501 0.01907085717260222 0 0 0.00017092149667380488 0.0002387142906232387
126 1513 0.015770252534654906 0 0 0.00014788969937889172 0.00021512355482166307
127 1525 0.021254301661008668 0 0 0.00019605181690747432 0.00029473801866070705
128 1537 0.01873825241515902 0 0 0.00016676074679765232 0.00025641961729593136
129 1549 0.022836059489864977 0 0 0.00019880941348410144 0.00031175290862091906
130 1561 0.03139024017582245 0 0 0.00025849019838164314 0.0004353331338130544
131 1573 0.04179558869688502 0 0 0.0003138498373066012 0.000487506912918055
132 1585 0.032881608518095004 0 0 0.00022055788059674783 0.0003610767359380777
133 1597 0.026689187842514093 0 0 0.00018384673647646148 0.0003158365089161673
134 1609 0.03240920389337096 0 0 0.0002334201088804827 0.0004255552584022363
135 1621 0.039637616415619484 0 0 0.00026650622978211484 0.00047950398520898177
136 1633 0.03631752454782744 0 0 0.00019961561593828588 0.0003885422966948472
137 1645 0.03507484760317062 0 0 0.0001724513500692814 0.0003400155065238658
138 1657 0.02938118243315785 0 0 0.0001335166604743088 0.0002639718705415024
139 1669 0.028336957395057313 0 0 0.00010647253714719187 0.000246504528893144
140 1681 0.024541919023597092 0 0 7.737491596096427e-05 0.00016493194467584053
141 1693 0.03342487710161348 0 0 0.00013239912284585063 0.0002808600838330775
142 1705 0.056635649426627827 0 0 0.0002671582132374592 0.0005323966990103876
143 1717 0.041690702221474696 0 0 0.0001595536836591416 0.00033347206836089986
144 1729 0.032889135236449034 0 0 0.00011359800734535232 0.00024050826486567405
145 1741 0.034164458312903476 0 0 0.00010415870063980942 0.0002351048871168325
146 1753 0.027289388733263243 0 0 7.830115482437872e-05 0.0001764966864114794
147 1765 0.029107567101624373 0 0 8.153922550690855e-05 0.00019376247541133228
148 1777 0.031842515353101 0 0 7.557514963965111e-05 0.00016858464952435742
149 1789 0.033052833328388626 0 0 7.908585084742074e-05 0.00018829466589966308
150 1801 0.0313590849848948 0 0 7.445884143898035e-05 0.00016027748223252692
151 1813 0.024337585775669527 0 0 6.101827038385336e-05 0.00013010698095836408
152 1825 0.02507508482941988 0 0 6.431556634783324e-05 0.00013083008408929338
153 1837 0.026119563387935564 0 0 6.949284957877882e-05 0.0001374860526948666
154 1849 0.024603658861638514 0 0 6.035174691406367e-05 0.00012289758500367353
155 1861 0.020179746650031777 0 0 4.514753682428533e-05 9.38960642934507e-05
156 1873 0.020991443763496924 0 0 3.722382064956703e-05 7.589430180682498e-05
157 1885 0.018928490928402684 0 0 3.750249646531252e-05 7.662952193334716e-05
158 1897 0.017785831349715904 0 0 3.609361060476259e-05 7.454671168526527e-05
159 1909 0.017546816176660898 0 0 3.182640892513225e-05 6.299789453474247e-05
160 1921 0.025819624327706573 0 0 3.73233731076616e-05 8.635165927140583e-05
161 1933 0.025189467529683967 0 0 3.6894880600462256e-05 8.512683385727613e-05
162 1945 0.028682342441108597 0 0 4.368701405729911e-05 0.00010777000637946577
163 1957 0.028875147199758627 0 0 4.585470212229023e-05 0.00011088554877437095
164 1969 0.040225773910701736 0 0 8.222383490221807e-05 0.00019311556174250461
165 1981 0.040011696697088955 0 0 7.368141985919953e-05 0.00017585187254884357
166 1993 0.048737047039151 0 0 0.00010185884908601166 0.0002448708808594761
167 2005 0.05762645620659646 0 0 0.00014560269649980308 0.0003538275633937129
168 2017 0.06513840466360037 0 0 0.00015492500782821126 0.0003680864413219227
169 2029 0.05712757715593272 0 0 0.00013340292469482068 0.0003212385358787361
170 2041 0.05682995207217331 0 0 0.00012102102967579456 0.00029123670877784094
171 2053 0.058965395271551736 0 0 0.0001329344602173971 0.0003199872706046787
172 2065 0.056139719919748886 0 0 0.00013522826565883547 0.00032154308866158543
173 2077 0.07351248108107913 0 0 0.00020101145323188 0.00046770238676702603
174 2089 0.066568105732513 0 0 0.00017975366185200175 0.0004200833688438796
175 2101 0.05423254641314508 0 0 0.00012871666708362992 0.0003003229303056872
176 2113 0.062359655018760285 0 0 0.00014599295016740955 0.00034663296564354856
177 2125 0.052961624841848826 0 0 9.96558284218013e-05 0.0002346882001642086
178 2137 0.040340234528459425 0 0 6.423949995434632e-05 0.00014962235820710802
179 2149 0.061334751229703006 0 0 0.00012934665222284408 0.0003093714472449924
180 2161 0.08687570750147008 0 0 0.00016565351149317928 0.00039757506248333285
181 2173 0.09262889918667755 0 0 0.00019263001633630699 0.00046550701324705746
182 2185 0.07558464947637238 0 0 0.00013372560038410247 0.0003248989200404609
183 2197 0.09761214009493746 0 0 0.00022874096446094333 0.0005574685417130816
184 2209 0.09078499856767946 0 0 0.00024218743952386545 0.0005913379739659196
185 2221 0.1145309125321749 0 0 0.0003056132165552726 0.0007529364980412466
186 2233 0.1361480990251916 0 0 0.00041420034230865466 0.001026909361693554
187 2245 0.14434617373158048 0 0 0.0004122067167487201 0.0010299399857251026
188 2257 0.1739273426396234 0 0 0.0005884236805263672 0.0014635274885842113
189 2269 0.15231487328688723 0 0 0.00050220632972967 0.0012454429624839558
190 2281 0.12461628446148881 0 0 0.00037653091230973343 0.0009338099296488115
191 2293 0.11191586545475328 0 0 0.00031757343074170427 0.0007863979723470553
192 2305 0.09024987070338858 0 0 0.00025952858944031733 0.0006422963731446993
193 2317 0.07371143732659727 0 0 0.00016858539643407156 0.00041765715977239436
194 2329 0.07866873734280637 0 0 0.000167182471744505 0.0004136925789650373
195 2341 0.09824892781776132 0 0 0.00018950515490370517 0.00046875975872889196
196 2353 0.07501456064119492 0 0 0.00010104171793555614 0.0002495081114412556
197 2365 0.1178915361304193 0 0 0.000166740561943078 0.00041216344766346674
198 2377 0.126916083443911 0 0 0.0001846500210597061 0.0004631821043135878
199 2389 0.13763342721375732 0 0 0.00018664744839083042 0.0004690463936540557
200 2401 0.1517938733247657 0 0 0.0001752353519565975 0.0004381498338177473
201 2413 0.15529716240886432 0 0 0.00016154667828026948 0.0004004401904762536
202 2425 0.13987229740475296 0 0 0.0001559341375056437 0.00037764839244824313
203 2437 0.13397898043084 0 0 0.0001540283168938076 0.0003734708605234126
204 2449 0.10521892458064268 0 0 9.940727980131645e-05 0.00023734873408751757
205 2461 0.09046106428088557 0 0 7.367754784169827e-05 0.0001805711673345964
206 2473 0.0785082783029455 0 0 5.833726432804159e-05 0.00014330512523229243
207 2485 0.08072161918434262 0 0 6.28199847263828e-05 0.00015374727931401764
