1 41 0.6178451515932858 1.0000375007031337 1.0 1.0 1.0000125000781253 1.0000250003125026 1.0000375007031337
2 81 0.607680010723637 1.0868427966511385 0.7011866893068796 0.7011866893068796 0.8160478081224969 0.8450100631387988 1.0868427966511385
3 121 0.5792352815895627 1.1340246238835705 0.5469124187957558 0.5469124187957558 0.731592291199474 0.816639885906645 1.1340246238835705
4 161 0.5318623335966092 1.1437557312319857 0.42679273466626816 0.42679273466626816 0.6308466435770111 0.7417525025024326 1.1437557312319857
5 201 0.4519255556371971 1.0308488539430491 0.3332333159765236 0.3332333159765236 0.5827700429099284 0.6635523524072711 1.0308488539430491
6 241 0.4042887605144612 0.9590038968268781 0.27163146552788714 0.27163146552788714 0.49604913771135534 0.608211840716202 0.9590038968268781
7 281 0.34463497475203936 0.9869680936991122 0.23018550527646892 0.23018550527646892 0.4390299666565972 0.549099164409284 0.9869680936991122
8 321 0.4004546786411406 0.9428346410783989 0.2134422920873281 0.2134422920873281 0.43035126503182036 0.47302480056722973 0.9428346410783989
9 361 0.4048924753444638 1.0871823489353982 0.21953982128664648 0.21953982128664648 0.38591563908525633 0.4664919065092631 1.0871823489353982
10 401 0.4014980579121387 1.2021069359789056 0.191199142161993 0.191199142161993 0.34598140567911195 0.41756914486284263 1.2021069359789056
11 441 0.3465385319222496 1.2146867355715751 0.17764091297814047 0.17764091297814047 0.36068196500535604 0.3714898809535272 1.2146867355715751
12 481 0.3465757554408085 1.2781295584133432 0.15857533206877666 0.15857533206877666 0.2966621128150327 0.363545787967695 1.2781295584133432
13 521 0.3394028326662355 1.2121485765909892 0.15017662002479887 0.15017662002479887 0.24632374438211732 0.3632583173345752 1.2121485765909892
14 561 0.2820478212471712 1.2855253720818143 0.1312973032395776 0.1312973032395776 0.21367084650736246 0.350050878776898 1.2855253720818143
15 601 0.24628559586794904 1.4491199996142512 0.09554007445271943 0.09554007445271943 0.2046579807594032 0.31675049911454517 1.4491199996142512
