1 41 0.6178451515932858 0 -196.0 5.060288475419787 8.084579747862756 1.4527466626157213 5.094464187683146
2 81 0.607680010723637 0 -200.0 5.060484741690089 8.032130481564122 2.291081631312558 4.752900314964194
3 121 0.5792352815895627 0 -191.0 5.088665269945302 7.8580324049694354 1.3167321129057934 5.21772731399614
4 161 0.5318623335966092 0 -195.5 5.072453590875438 8.1898150383139 1.47209188736305 4.804853084120475
5 201 0.4519255556371971 0 -194.0 5.0513206631511816 7.922726059455953 1.5818718517859192 4.727706364240864
6 241 0.4042887605144612 0 -198.0 5.071441003118863 8.082931415708156 1.581001497921935 4.819128276695402
7 281 0.34463497475203936 0 -196.0 5.058949302876667 7.81109040251471 1.7249525326212212 4.8361131744836285
8 321 0.4004546786411406 0 -197.0 5.0724098295394375 7.713752709665559 1.6450843525795324 5.072842756270277
9 361 0.4048924753444638 0 -197.0 5.074182511722172 7.68168312681524 1.5341303401087407 5.026615216298039
10 401 0.4014980579121387 0 -199.0 5.06957043953372 8.158790895375216 1.7687053142761702 4.964350774045067
11 441 0.3465385319222496 0 -199.0 4.92833210275613 7.856870781903403 1.0858034536769166 5.004288460986921
12 481 0.3465757554408085 0 -197.0 5.059284625558139 7.915592520376425 1.8245003859610907 4.744874107392529
13 521 0.3394028326662355 0 -197.0 5.068431754674652 7.9751752926996256 2.0811954448310854 4.844592390345794
14 561 0.2820478212471712 0 -197.0 5.058367192195812 7.87780133093611 2.0621593631434494 4.719992266222469
15 601 0.24628559586794904 0 -197.5 5.0671574988028985 7.831073519162889 1.7084404982627053 4.945395472884499
