6.545924e-01, 1.042935e-01, -1.591749e-01, 5.776657e-02, 1.042935e-01, 1.317405e+00, -3.243767e-01, 1.000371e-01, -1.591749e-01, -3.243767e-01, 9.668028e-01, -5.243471e-02, 5.776657e-02, 1.000371e-01, -5.243471e-02, 1.067920e+00
3.326905e-01, 6.631125e-02, -6.643851e-02, 4.964669e-02, 6.631125e-02, 9.603712e-01, -2.304491e-01, 6.518563e-02, -6.643851e-02, -2.304491e-01, 8.905372e-01, 5.494918e-02, 4.964669e-02, 6.518563e-02, 5.494918e-02, 8.739741e-01
1.845522e-01, 7.352805e-02, -2.520722e-02, 6.756485e-02, 7.352805e-02, 7.353699e-01, -1.771855e-01, 2.947980e-02, -2.520722e-02, -1.771855e-01, 6.637021e-01, 8.040548e-02, 6.756485e-02, 2.947980e-02, 8.040548e-02, 6.848958e-01
1.105699e-01, -1.718013e-02, -2.770129e-02, 2.334547e-02, -1.718013e-02, 8.189215e-01, -4.280523e-02, -8.037647e-02, -2.770129e-02, -4.280523e-02, 4.437381e-01, 5.586519e-02, 2.334547e-02, -8.037647e-02, 5.586519e-02, 5.417079e-01
7.056281e-02, 1.775776e-02, 6.157995e-03, 1.784855e-02, 1.775776e-02, 7.471767e-01, 4.883640e-03, -8.908520e-02, 6.157995e-03, 4.883640e-03, 3.662834e-01, 7.619054e-02, 1.784855e-02, -8.908520e-02, 7.619054e-02, 4.098455e-01
5.018274e-02, 4.754191e-02, 1.135342e-02, -1.757125e-02, 4.754191e-02, 7.400101e-01, -8.208880e-02, -2.198059e-01, 1.135342e-02, -8.208880e-02, 3.540844e-01, 7.704968e-02, -1.757125e-02, -2.198059e-01, 7.704968e-02, 4.646187e-01
4.480696e-02, 3.847398e-02, -1.501435e-02, -3.040393e-02, 3.847398e-02, 6.754514e-01, -5.724220e-02, -2.708381e-01, -1.501435e-02, -5.724220e-02, 3.769087e-01, 6.837987e-02, -3.040393e-02, -2.708381e-01, 6.837987e-02, 4.397388e-01
4.412048e-02, 3.917467e-02, -1.282492e-02, -4.800563e-02, 3.917467e-02, 5.031749e-01, -3.600117e-02, -2.188115e-01, -1.282492e-02, -3.600117e-02, 2.745683e-01, 2.018639e-02, -4.800563e-02, -2.188115e-01, 2.018639e-02, 4.088446e-01
4.704684e-02, 2.637128e-02, 7.316144e-03, -5.928229e-02, 2.637128e-02, 4.391890e-01, -6.456332e-02, -1.651386e-01, 7.316144e-03, -6.456332e-02, 2.644876e-01, -2.551626e-02, -5.928229e-02, -1.651386e-01, -2.551626e-02, 3.201996e-01
3.203278e-02, 1.028514e-02, 8.668763e-03, -3.941857e-02, 1.028514e-02, 3.268666e-01, -4.231823e-02, -1.043500e-01, 8.668763e-03, -4.231823e-02, 1.883132e-01, -5.020029e-02, -3.941857e-02, -1.043500e-01, -5.020029e-02, 2.640908e-01
2.677608e-02, -6.507730e-03, 2.178183e-03, -3.102592e-02, -6.507730e-03, 2.995646e-01, -3.794376e-02, -3.894613e-02, 2.178183e-03, -3.794376e-02, 1.708914e-01, -5.719161e-02, -3.102592e-02, -3.894613e-02, -5.719161e-02, 2.446935e-01
1.447039e-02, 5.918422e-03, 8.191053e-03, -1.659278e-02, 5.918422e-03, 2.797554e-01, 1.525006e-02, -4.155823e-02, 8.191053e-03, 1.525006e-02, 2.080678e-01, -1.042659e-01, -1.659278e-02, -4.155823e-02, -1.042659e-01, 2.749170e-01
1.300607e-02, -3.835212e-04, 1.082461e-02, -2.648640e-02, -3.835212e-04, 2.396247e-01, -1.929394e-02, -1.444920e-02, 1.082461e-02, -1.929394e-02, 1.825255e-01, -9.191090e-02, -2.648640e-02, -1.444920e-02, -9.191090e-02, 2.457299e-01
1.061780e-02, -1.268358e-03, 8.599868e-03, -2.206788e-02, -1.268358e-03, 1.802173e-01, -1.909941e-02, -1.004702e-02, 8.599868e-03, -1.909941e-02, 2.388573e-01, -5.907813e-02, -2.206788e-02, -1.004702e-02, -5.907813e-02, 2.003248e-01
8.075166e-03, 4.233439e-03, 1.003228e-02, -1.826346e-02, 4.233439e-03, 1.366719e-01, -1.178607e-02, -2.395828e-02, 1.003228e-02, -1.178607e-02, 2.061883e-01, -6.525299e-02, -1.826346e-02, -2.395828e-02, -6.525299e-02, 1.815129e-01
5.855452e-03, 5.302865e-03, 4.522028e-03, -1.120725e-02, 5.302865e-03, 1.029615e-01, -3.005461e-03, -2.960342e-02, 4.522028e-03, -3.005461e-03, 1.504458e-01, -5.853039e-02, -1.120725e-02, -2.960342e-02, -5.853039e-02, 1.399904e-01
5.147869e-03, 5.170865e-03, -5.166495e-04, -8.070842e-03, 5.170865e-03, 8.656780e-02, 1.049578e-02, -2.801446e-02, -5.166495e-04, 1.049578e-02, 1.151932e-01, -3.255478e-02, -8.070842e-03, -2.801446e-02, -3.255478e-02, 9.375488e-02
5.040193e-03, 4.453801e-03, -3.064158e-03, -4.612790e-03, 4.453801e-03, 7.048733e-02, 1.257758e-02, -2.102243e-02, -3.064158e-03, 1.257758e-02, 7.375935e-02, -1.776968e-02, -4.612790e-03, -2.102243e-02, -1.776968e-02, 5.977449e-02
6.421678e-03, -1.953789e-03, -6.492391e-03, -2.337869e-03, -1.953789e-03, 7.150673e-02, 2.447872e-02, -1.344745e-02, -6.492391e-03, 2.447872e-02, 5.796600e-02, -1.263981e-02, -2.337869e-03, -1.344745e-02, -1.263981e-02, 3.980861e-02
6.990591e-03, -3.238803e-03, -5.202822e-03, -3.499138e-03, -3.238803e-03, 7.677330e-02, 2.434418e-02, -2.448140e-02, -5.202822e-03, 2.434418e-02, 3.918318e-02, -1.097541e-02, -3.499138e-03, -2.448140e-02, -1.097541e-02, 4.526385e-02
6.077066e-03, -1.690218e-03, -3.964459e-03, -1.689664e-03, -1.690218e-03, 7.219602e-02, 1.331540e-02, -2.093546e-02, -3.964459e-03, 1.331540e-02, 3.098126e-02, -4.636118e-03, -1.689664e-03, -2.093546e-02, -4.636118e-03, 3.575209e-02
6.953516e-03, -3.472952e-03, -4.228340e-03, 1.697489e-03, -3.472952e-03, 7.175273e-02, 8.032383e-03, -1.003476e-02, -4.228340e-03, 8.032383e-03, 2.195895e-02, -4.645746e-03, 1.697489e-03, -1.003476e-02, -4.645746e-03, 2.484426e-02
8.054120e-03, -5.580041e-04, -4.202934e-03, -1.057904e-04, -5.580041e-04, 5.594698e-02, 1.209551e-03, -1.166521e-02, -4.202934e-03, 1.209551e-03, 1.670656e-02, 3.028046e-04, -1.057904e-04, -1.166521e-02, 3.028046e-04, 2.135904e-02
5.968936e-03, 1.996138e-03, -3.514502e-03, 7.559376e-05, 1.996138e-03, 4.992905e-02, -2.215130e-03, -3.879584e-03, -3.514502e-03, -2.215130e-03, 1.582920e-02, -5.814823e-04, 7.559376e-05, -3.879584e-03, -5.814823e-04, 1.683480e-02
6.106040e-03, 4.603055e-03, -1.307378e-03, -4.587580e-04, 4.603055e-03, 6.002569e-02, 3.418195e-03, -1.043906e-02, -1.307378e-03, 3.418195e-03, 1.341904e-02, -7.759327e-04, -4.587580e-04, -1.043906e-02, -7.759327e-04, 1.818501e-02
