1 41 0.5011419889175778 1.0000375007031337 1.0 1.0 1.0000125000781253 1.0000250003125026 1.0000375007031337
2 81 0.473802488699599 1.0682692726200649 0.6945473922241129 0.6945473922241129 0.8290473091347164 0.9336013799241392 1.0682692726200649
3 121 0.47051406774183574 1.2280850065682543 0.5083978819374977 0.5083978819374977 0.6696499211105003 0.8360285508501185 1.2280850065682543
4 161 0.46717371533419977 1.2212666980490854 0.4027813030195707 0.4027813030195707 0.6035977785948459 0.7367546779033192 1.2212666980490854
5 201 0.4604643475556216 1.0914370039349122 0.3161685241276681 0.3161685241276681 0.5279723008832098 0.675906755875183 1.0914370039349122
6 241 0.4405672086445099 1.1064816813684735 0.2642916837360476 0.2642916837360476 0.4988614696242985 0.5902205274018941 1.1064816813684735
7 281 0.3728174847306958 0.9305553076817064 0.22981012111599014 0.22981012111599014 0.46072449271511545 0.5397800208120613 0.9305553076817064
8 321 0.3744522791607673 0.8516895997968995 0.2144514539690186 0.2144514539690186 0.38152097802171914 0.4825307797666543 0.8516895997968995
9 361 0.43373333105223116 0.8523294175279494 0.21134449289778348 0.21134449289778348 0.3662898730072565 0.44015980301302143 0.8523294175279494
10 401 0.4050711816693033 1.0308607643262424 0.18159313443865793 0.18159313443865793 0.32750914585843727 0.40570602180007365 1.0308607643262424
11 441 0.386369926166207 0.8539740876472446 0.17092842919267606 0.17092842919267606 0.3184482369783452 0.38752052922736735 0.8539740876472446
12 481 0.36990094666403045 0.9012404960543194 0.1593052668788879 0.1593052668788879 0.31552629966810225 0.36072627839087745 0.9012404960543194
13 521 0.3387966922313112 0.8628279314728503 0.16592305033453092 0.16592305033453092 0.3009569050770539 0.3321330700603937 0.8628279314728503
14 561 0.2978124641686141 0.8342834329749143 0.1409178898852835 0.1409178898852835 0.27032206535175185 0.2889250684947124 0.8342834329749143
15 601 0.29321762254154626 0.7493552011841734 0.12726679537458996 0.12726679537458996 0.25583507304654884 0.2959119037870728 0.7493552011841734
