1 41 0.5011419889175778 0 0 0.3512191480897539 0.434826500011689 0.5217039527105276 0.463320779705714
2 81 0.473802488699599 0 0 0.24292502950898476 0.4396341199827947 0.49968988265742076 0.3901124441866695
3 121 0.47051406774183574 0 0 0.18968182122663904 0.4379089579314777 0.4188137373684056 0.404702800391428
4 161 0.46717371533419977 0 0 0.14813330958853033 0.3856707442613345 0.3419228672675979 0.39338972488542673
5 201 0.4604643475556216 0 0 0.12289627678678276 0.39799365892061284 0.3424724334374784 0.33201431327646014
6 241 0.4405672086445099 0 0 0.10247578783843361 0.3182908809376854 0.27767747282135624 0.29524084073119566
7 281 0.3728174847306958 0 0 0.08014536970655463 0.22540731145061688 0.21860581480457966 0.23406846486429309
8 321 0.3744522791607673 0 0 0.07936319939744992 0.22486110746388546 0.20762806890702665 0.23266074882046817
9 361 0.43373333105223116 0 0 0.08239542004960396 0.2938437215375759 0.30482352396166745 0.26685516843613966
10 401 0.4050711816693033 0 0 0.07099728016976302 0.22376950790223984 0.2620794935519437 0.2047824692804691
11 441 0.386369926166207 0 0 0.06544327085336289 0.20111985953134817 0.27787426538550053 0.1933421623895548
12 481 0.36990094666403045 0 0 0.06385190211213987 0.19329104219196408 0.2512545275083896 0.16896744969512484
13 521 0.3387966922313112 0 0 0.05280376945444897 0.1737426808746093 0.219038166936449 0.13852362910177615
14 561 0.2978124641686141 0 0 0.04400655309478609 0.13579359525387774 0.17786137804241006 0.11313852182966304
15 601 0.29321762254154626 0 0 0.039364931889271614 0.12663971037635394 0.16970119750925106 0.10729546212062749
