1 41 0.5011419889175778 0 -261.0 5.0495451198697285 8.443607571765327 2.069777660930708 5.161518421979816
2 81 0.473802488699599 0 -254.5 5.041636013689508 8.768571674868996 1.2957597333660913 5.422597792885973
3 121 0.47051406774183574 0 -254.0 5.050080497363741 8.03199175567375 2.1704486443628372 5.144698102177722
4 161 0.46717371533419977 0 -258.5 5.049282723858081 8.3897739179659 1.9530105112388123 5.317712514551103
5 201 0.4604643475556216 0 -266.0 5.046160323831262 8.532049731813183 1.710525429098864 5.3350699859093815
6 241 0.4405672086445099 0 -259.0 4.954614676031324 8.242610258131418 2.028207369432114 5.693954103952975
7 281 0.3728174847306958 0 -258.5 5.049957284529587 8.266696738371122 1.68806469195862 5.486184491541467
8 321 0.3744522791607673 0 -258.0 5.050548324057159 8.121921854759979 1.7470383563991136 5.482446606624537
9 361 0.43373333105223116 0 -261.0 4.956995729141336 8.38492978224393 1.492753942448476 5.635632059139319
10 401 0.4050711816693033 0 -260.5 5.052778124359538 8.278847739825308 2.017201794841894 5.403231829607518
11 441 0.386369926166207 0 -262.5 4.953423269237225 8.39575344928227 1.374490870369292 5.682207697006838
12 481 0.36990094666403045 0 -258.0 5.050812556325083 8.570850542522177 1.7563391838608047 5.511647801281923
13 521 0.3387966922313112 0 -262.5 4.948919719043146 8.520431666015247 1.5748234922849635 5.6243461168242295
14 561 0.2978124641686141 0 -265.0 4.951636997978298 8.388013959079222 1.551171842800383 5.6033778025624255
15 601 0.29321762254154626 0 -262.5 5.052591890794339 8.468240030530344 1.6988816087914658 5.451352733045302
16 641 0.3009379429000671 0 -263.0 5.052313147277679 8.252666680083959 1.871164227909327 5.423031359162854
17 681 0.26739036510450415 0 -262.5 5.051688649526816 8.468576449332824 1.6389600745225743 5.521745078790898
18 721 0.27652152217111864 0 -263.5 5.048644610726678 8.47540948809109 1.7239053382663134 5.5073695077627365
19 761 0.2604295489704534 0 -266.5 5.048920559558643 8.468532947356891 1.6898780593957359 5.499380004469631
20 801 0.2839496701568049 0 -266.0 5.0399814232581965 8.616200192227609 1.6667819739049667 5.389591044250107
21 841 0.2877806978261824 0 -265.0 5.045108556122621 8.624390655792809 1.629091492052835 5.389353041980382
22 881 0.2752112210779998 0 -265.5 5.051591043390679 8.427307988475818 1.709335028891565 5.432220261657284
23 921 0.23806658620279866 0 -266.5 5.0475203530362975 8.46256912907588 1.7373011551372877 5.450464900269919
24 961 0.24704687075112516 0 -266.0 5.051081979744158 8.487985406355378 1.6502917254176637 5.467775077012903
25 1001 0.23459615248224652 0 -265.5 5.050508859658544 8.51571165385677 1.7501866765377043 5.443181880258255
26 1041 0.21389592927059964 0 -267.0 5.046372944429313 8.526777048356596 1.6170449638511897 5.518291454791884
27 1081 0.228980518472751 0 -266.0 5.047203395416657 8.544346579988018 1.5594813851593756 5.495098786582641
28 1121 0.21509307617121357 0 -268.0 5.047847117560884 8.509189997090491 1.589631174809553 5.503037484821958
29 1161 0.1857093362186069 0 -266.5 5.049223011614034 8.533613670609105 1.641358207103353 5.481295969972796
30 1201 0.17811427625495754 0 -266.0 5.048580438309957 8.498397918452273 1.6779227585258552 5.470771634741715
31 1241 0.18167592190812823 0 -268.0 5.049237738722911 8.506741265093693 1.6380133671317811 5.450786592983347
32 1281 0.16347447297178422 0 -266.5 5.0483986116904 8.47919072754738 1.6862988898882958 5.481611857124368
33 1321 0.15164401835756358 0 -268.5 5.048549746887369 8.473443189986707 1.6829912998841792 5.483870997033562
34 1361 0.14398930931876253 0 -266.5 5.049115248885973 8.545865084162248 1.5708346615556814 5.4660941669932726
35 1401 0.128703301756603 0 -266.5 5.048014408475998 8.519289081497044 1.602684321025354 5.485589550699736
36 1441 0.11185764280128208 0 -266.0 5.048349684200359 8.51145563030565 1.6192412754234997 5.490456755701631
37 1481 0.10167440295036777 0 -267.5 5.048261479552416 8.52076724996726 1.6073126757223728 5.473670122663071
38 1521 0.1166042893497003 0 -267.0 5.048201630396706 8.560558596014333 1.554751483756552 5.471659145668332
39 1561 0.10826829368301304 0 -268.0 5.048313287277568 8.51935329742316 1.6123046893039088 5.477245372994012
40 1601 0.08883089825227489 0 -267.0 5.048693782445673 8.52160813188923 1.614704560699954 5.467459213121786
41 1641 0.08627431307203744 0 -266.0 5.048285118955805 8.481559398852609 1.6635574759103997 5.484203637128251
42 1681 0.07348682587240281 0 -267.0 5.048345550328324 8.530565860700706 1.6041198394332856 5.477505195090414
