7.296400e-01, -6.716201e-02, 3.562487e-02, 2.257480e-02, -3.072551e-02, -6.716201e-02, 7.866754e-01, 7.470790e-02, -2.034544e-02, -2.759419e-02, 3.562487e-02, 7.470790e-02, 9.406375e-01, 6.655454e-02, -2.655938e-02, 2.257480e-02, -2.034544e-02, 6.655454e-02, 8.864879e-01, -2.759883e-02, -3.072551e-02, -2.759419e-02, -2.655938e-02, -2.759883e-02, 8.331605e-01
7.969449e-01, -6.937371e-03, 1.554248e-01, 1.107063e-01, -8.922306e-02, -6.937371e-03, 4.458576e-01, 8.195519e-02, -8.297645e-02, -2.114539e-02, 1.554248e-01, 8.195519e-02, 1.189568e+00, 2.137316e-01, -1.546250e-02, 1.107063e-01, -8.297645e-02, 2.137316e-01, 8.464693e-01, -2.929051e-03, -8.922306e-02, -2.114539e-02, -1.546250e-02, -2.929051e-03, 7.000128e-01
6.135073e-01, 1.221947e-02, 1.123869e-01, 7.631942e-02, -4.042652e-02, 1.221947e-02, 2.343064e-01, 9.138782e-02, -5.274056e-02, -2.235413e-02, 1.123869e-01, 9.138782e-02, 1.148304e+00, 8.660051e-02, 1.050274e-01, 7.631942e-02, -5.274056e-02, 8.660051e-02, 8.009932e-01, 2.376450e-02, -4.042652e-02, -2.235413e-02, 1.050274e-01, 2.376450e-02, 7.308100e-01
6.806613e-01, -1.309160e-05, 3.218766e-01, 3.727142e-02, 6.840108e-02, -1.309160e-05, 1.416843e-01, 8.274338e-02, -2.476745e-02, -3.548929e-02, 3.218766e-01, 8.274338e-02, 1.149754e+00, 7.705315e-02, 9.085917e-02, 3.727142e-02, -2.476745e-02, 7.705315e-02, 7.997721e-01, -1.887711e-02, 6.840108e-02, -3.548929e-02, 9.085917e-02, -1.887711e-02, 6.173699e-01
5.703920e-01, 4.317935e-03, 2.592235e-01, 1.237504e-01, 9.902889e-02, 4.317935e-03, 7.681224e-02, 5.159572e-02, -3.839972e-02, -1.132560e-02, 2.592235e-01, 5.159572e-02, 8.857191e-01, 8.691799e-02, -2.672523e-02, 1.237504e-01, -3.839972e-02, 8.691799e-02, 1.036673e+00, -5.482304e-02, 9.902889e-02, -1.132560e-02, -2.672523e-02, -5.482304e-02, 5.698634e-01
4.224772e-01, 1.605607e-04, 1.691253e-01, 1.143560e-01, 8.118804e-02, 1.605607e-04, 5.316960e-02, 6.201438e-02, -4.258430e-02, -1.407626e-02, 1.691253e-01, 6.201438e-02, 7.678044e-01, 6.690701e-02, 6.287461e-02, 1.143560e-01, -4.258430e-02, 6.690701e-02, 8.793957e-01, 4.684093e-02, 8.118804e-02, -1.407626e-02, 6.287461e-02, 4.684093e-02, 5.608016e-01
3.069895e-01, -8.727852e-03, 1.428580e-01, 6.985188e-02, 7.541792e-02, -8.727852e-03, 3.778493e-02, 3.737336e-02, -3.260386e-02, -1.376858e-02, 1.428580e-01, 3.737336e-02, 6.744696e-01, 5.919021e-02, 4.842623e-02, 6.985188e-02, -3.260386e-02, 5.919021e-02, 7.006987e-01, -3.163346e-04, 7.541792e-02, -1.376858e-02, 4.842623e-02, -3.163346e-04, 5.359305e-01
2.788518e-01, -2.148997e-02, 1.678534e-01, 6.595646e-02, 1.819379e-02, -2.148997e-02, 2.763241e-02, 1.703711e-02, -2.284980e-02, -3.559390e-03, 1.678534e-01, 1.703711e-02, 6.085930e-01, 7.367156e-02, -7.649702e-02, 6.595646e-02, -2.284980e-02, 7.367156e-02, 7.116038e-01, -7.929875e-03, 1.819379e-02, -3.559390e-03, -7.649702e-02, -7.929875e-03, 6.197177e-01
2.836871e-01, -2.378152e-02, 2.322092e-01, 1.563798e-01, -1.702877e-03, -2.378152e-02, 2.184443e-02, -3.559758e-03, -3.541750e-02, 3.600825e-04, 2.322092e-01, -3.559758e-03, 5.827051e-01, 2.257483e-01, -1.328363e-01, 1.563798e-01, -3.541750e-02, 2.257483e-01, 8.344812e-01, -7.596309e-03, -1.702877e-03, 3.600825e-04, -1.328363e-01, -7.596309e-03, 7.101443e-01
2.430351e-01, -1.993086e-02, 1.537777e-01, 9.499523e-02, -7.193569e-02, -1.993086e-02, 1.742073e-02, -2.792619e-04, -1.772383e-02, 3.952719e-04, 1.537777e-01, -2.792619e-04, 3.966635e-01, 6.608129e-02, -1.250220e-01, 9.499523e-02, -1.772383e-02, 6.608129e-02, 6.263135e-01, 1.249057e-01, -7.193569e-02, 3.952719e-04, -1.250220e-01, 1.249057e-01, 7.274080e-01
2.111716e-01, -2.544643e-02, 1.172146e-01, 7.881747e-02, -5.327855e-02, -2.544643e-02, 1.586942e-02, -3.792677e-03, -2.441281e-02, -1.637173e-02, 1.172146e-01, -3.792677e-03, 3.271212e-01, 3.553563e-02, -7.630039e-02, 7.881747e-02, -2.441281e-02, 3.553563e-02, 5.531969e-01, 1.630326e-01, -5.327855e-02, -1.637173e-02, -7.630039e-02, 1.630326e-01, 6.818247e-01
1.770212e-01, -2.801797e-02, 1.016043e-01, 1.243253e-02, -6.615666e-03, -2.801797e-02, 1.880584e-02, -9.713914e-03, -7.888828e-03, -2.417404e-02, 1.016043e-01, -9.713914e-03, 3.278204e-01, -1.320428e-02, -5.926451e-02, 1.243253e-02, -7.888828e-03, -1.320428e-02, 4.851731e-01, 1.247594e-01, -6.615666e-03, -2.417404e-02, -5.926451e-02, 1.247594e-01, 7.306811e-01
1.599257e-01, -2.430262e-02, 1.107104e-01, -4.463276e-02, 2.273485e-02, -2.430262e-02, 1.606415e-02, -9.996330e-03, -1.286895e-02, -3.222319e-02, 1.107104e-01, -9.996330e-03, 3.015173e-01, -8.274187e-02, -6.700283e-02, -4.463276e-02, -1.286895e-02, -8.274187e-02, 6.383998e-01, 1.787556e-01, 2.273485e-02, -3.222319e-02, -6.700283e-02, 1.787556e-01, 6.715697e-01
1.113155e-01, -1.631653e-02, 7.757318e-02, -4.661125e-02, -2.542746e-02, -1.631653e-02, 1.215097e-02, -3.920627e-03, 1.665198e-03, -2.196604e-02, 7.757318e-02, -3.920627e-03, 2.489069e-01, -1.029397e-01, -3.592894e-02, -4.661125e-02, 1.665198e-03, -1.029397e-01, 7.450563e-01, 1.651849e-01, -2.542746e-02, -2.196604e-02, -3.592894e-02, 1.651849e-01, 7.052089e-01
7.130939e-02, -1.308832e-02, 3.616993e-02, -4.065502e-03, -8.158945e-03, -1.308832e-02, 1.174552e-02, 9.465723e-03, 3.099380e-03, -1.572944e-02, 3.616993e-02, 9.465723e-03, 3.126703e-01, -9.488314e-02, 4.875672e-02, -4.065502e-03, 3.099380e-03, -9.488314e-02, 7.456117e-01, 1.403656e-01, -8.158945e-03, -1.572944e-02, 4.875672e-02, 1.403656e-01, 7.409129e-01
5.203989e-02, -1.195021e-02, 8.469595e-03, 1.511691e-02, 7.158169e-03, -1.195021e-02, 1.139499e-02, 1.939512e-02, -5.390249e-04, -1.691423e-02, 8.469595e-03, 1.939512e-02, 2.698874e-01, -8.383586e-02, -1.493598e-02, 1.511691e-02, -5.390249e-04, -8.383586e-02, 7.198075e-01, 1.080801e-01, 7.158169e-03, -1.691423e-02, -1.493598e-02, 1.080801e-01, 7.058702e-01
6.677283e-02, -1.933486e-02, 2.806212e-03, -3.400098e-02, 4.718895e-02, -1.933486e-02, 1.179889e-02, 1.585888e-02, 1.852591e-02, -2.629082e-02, 2.806212e-03, 1.585888e-02, 2.345991e-01, -5.703888e-02, -5.667387e-02, -3.400098e-02, 1.852591e-02, -5.703888e-02, 7.769798e-01, 1.510833e-01, 4.718895e-02, -2.629082e-02, -5.667387e-02, 1.510833e-01, 9.036793e-01
4.221681e-02, -1.193066e-02, 3.096361e-03, -2.945354e-02, 3.007907e-02, -1.193066e-02, 1.110730e-02, 1.069086e-02, 3.058233e-02, -1.173171e-02, 3.096361e-03, 1.069086e-02, 1.813379e-01, 1.317842e-03, -5.530617e-02, -2.945354e-02, 3.058233e-02, 1.317842e-03, 6.718670e-01, 8.302944e-02, 3.007907e-02, -1.173171e-02, -5.530617e-02, 8.302944e-02, 8.315452e-01
3.126798e-02, -7.858543e-03, 7.180924e-03, -2.521770e-02, 3.160859e-02, -7.858543e-03, 8.796998e-03, 1.902722e-03, 1.947733e-02, -1.068921e-02, 7.180924e-03, 1.902722e-03, 1.616786e-01, -3.831683e-02, -7.826285e-03, -2.521770e-02, 1.947733e-02, -3.831683e-02, 6.432085e-01, 7.320576e-02, 3.160859e-02, -1.068921e-02, -7.826285e-03, 7.320576e-02, 8.938101e-01
2.290881e-02, -7.566745e-03, 9.775256e-03, -3.036678e-02, 2.382513e-02, -7.566745e-03, 8.568308e-03, -6.949824e-03, 1.845776e-02, 1.394938e-03, 9.775256e-03, -6.949824e-03, 1.397211e-01, -2.741821e-02, -9.651568e-03, -3.036678e-02, 1.845776e-02, -2.741821e-02, 5.753926e-01, 6.750764e-02, 2.382513e-02, 1.394938e-03, -9.651568e-03, 6.750764e-02, 9.698291e-01
2.191498e-02, -6.847706e-03, 5.404301e-03, -4.528697e-02, 5.320659e-02, -6.847706e-03, 9.391805e-03, -4.993967e-03, 1.953115e-02, -1.124367e-02, 5.404301e-03, -4.993967e-03, 1.187282e-01, -3.972019e-02, -3.501857e-02, -4.528697e-02, 1.953115e-02, -3.972019e-02, 5.588576e-01, -1.927253e-02, 5.320659e-02, -1.124367e-02, -3.501857e-02, -1.927253e-02, 1.161011e+00
1.737307e-02, -6.226650e-03, 7.865732e-03, -3.297955e-02, 4.834762e-02, -6.226650e-03, 9.536446e-03, -3.460375e-03, 2.605048e-02, -2.065994e-02, 7.865732e-03, -3.460375e-03, 1.070408e-01, -6.208242e-02, 1.618150e-03, -3.297955e-02, 2.605048e-02, -6.208242e-02, 5.152280e-01, -1.770905e-01, 4.834762e-02, -2.065994e-02, 1.618150e-03, -1.770905e-01, 1.104991e+00
2.048010e-02, -8.877183e-03, 1.495232e-02, -5.807333e-02, 5.823013e-02, -8.877183e-03, 1.086595e-02, -1.003490e-02, 3.659855e-02, -1.991431e-02, 1.495232e-02, -1.003490e-02, 1.166909e-01, -8.598024e-02, 4.268005e-02, -5.807333e-02, 3.659855e-02, -8.598024e-02, 5.710244e-01, -1.835870e-01, 5.823013e-02, -1.991431e-02, 4.268005e-02, -1.835870e-01, 1.079423e+00
1.559361e-02, -6.012158e-03, 9.309012e-03, -4.242364e-02, 4.849110e-02, -6.012158e-03, 1.143245e-02, -6.023337e-03, 3.224583e-02, -3.891983e-03, 9.309012e-03, -6.023337e-03, 9.209386e-02, -6.354634e-02, 2.250743e-02, -4.242364e-02, 3.224583e-02, -6.354634e-02, 5.415623e-01, -1.380114e-01, 4.849110e-02, -3.891983e-03, 2.250743e-02, -1.380114e-01, 7.966531e-01
1.307124e-02, -3.792222e-03, 6.237275e-03, -4.333238e-02, 6.159153e-02, -3.792222e-03, 9.380787e-03, -8.603110e-03, 2.422493e-02, 5.823630e-03, 6.237275e-03, -8.603110e-03, 9.167243e-02, -8.147087e-02, -1.596454e-02, -4.333238e-02, 2.422493e-02, -8.147087e-02, 5.331635e-01, -2.078821e-01, 6.159153e-02, 5.823630e-03, -1.596454e-02, -2.078821e-01, 8.693084e-01
1.009278e-02, -2.134434e-03, 2.161058e-03, -2.862346e-02, 4.937225e-02, -2.134434e-03, 9.497471e-03, -9.299865e-03, 6.786353e-03, 3.552913e-03, 2.161058e-03, -9.299865e-03, 7.246317e-02, -2.517418e-02, -4.365381e-03, -2.862346e-02, 6.786353e-03, -2.517418e-02, 4.402214e-01, -1.372984e-01, 4.937225e-02, 3.552913e-03, -4.365381e-03, -1.372984e-01, 7.559287e-01
8.050560e-03, -1.012162e-03, 9.034233e-04, -2.414500e-02, 4.184397e-02, -1.012162e-03, 9.832292e-03, -1.066940e-02, 1.219425e-02, 4.644255e-03, 9.034233e-04, -1.066940e-02, 1.112921e-01, -1.112112e-02, -7.478216e-02, -2.414500e-02, 1.219425e-02, -1.112112e-02, 3.655963e-01, -1.714647e-01, 4.184397e-02, 4.644255e-03, -7.478216e-02, -1.714647e-01, 7.135634e-01
5.421738e-03, -7.569453e-04, -1.070975e-03, -1.969801e-02, 2.994292e-02, -7.569453e-04, 8.456339e-03, -1.036160e-02, 1.570971e-02, -9.948994e-04, -1.070975e-03, -1.036160e-02, 1.082251e-01, 1.392300e-02, -1.198699e-01, -1.969801e-02, 1.570971e-02, 1.392300e-02, 3.634289e-01, -1.846926e-01, 2.994292e-02, -9.948994e-04, -1.198699e-01, -1.846926e-01, 6.640346e-01
4.502232e-03, -1.291589e-03, 1.649229e-04, -1.662025e-02, 2.446189e-02, -1.291589e-03, 7.747705e-03, -1.161813e-02, 1.321558e-02, -6.924940e-04, 1.649229e-04, -1.161813e-02, 9.884980e-02, -2.021101e-02, -7.799318e-02, -1.662025e-02, 1.321558e-02, -2.021101e-02, 3.643649e-01, -1.428483e-01, 2.446189e-02, -6.924940e-04, -7.799318e-02, -1.428483e-01, 6.235609e-01
5.301674e-03, -1.036276e-03, 6.450761e-04, -1.930258e-02, 2.065399e-02, -1.036276e-03, 6.373095e-03, -8.987012e-03, 1.300984e-02, -2.970589e-04, 6.450761e-04, -8.987012e-03, 8.676722e-02, -3.537415e-02, -7.740690e-02, -1.930258e-02, 1.300984e-02, -3.537415e-02, 3.724374e-01, -1.542194e-01, 2.065399e-02, -2.970589e-04, -7.740690e-02, -1.542194e-01, 6.234604e-01
4.869512e-03, -1.303458e-03, 2.167702e-03, -1.730002e-02, 1.059326e-02, -1.303458e-03, 4.874397e-03, -5.991107e-03, 1.226200e-02, -1.081345e-03, 2.167702e-03, -5.991107e-03, 6.457985e-02, -3.453212e-02, -5.927757e-02, -1.730002e-02, 1.226200e-02, -3.453212e-02, 3.199814e-01, -1.209677e-01, 1.059326e-02, -1.081345e-03, -5.927757e-02, -1.209677e-01, 4.955140e-01
3.743033e-03, -1.000675e-03, 1.142848e-03, -1.012177e-02, 1.169079e-02, -1.000675e-03, 4.832007e-03, -9.099983e-03, 1.265911e-02, -2.477392e-03, 1.142848e-03, -9.099983e-03, 7.074824e-02, -4.826521e-02, -5.485264e-02, -1.012177e-02, 1.265911e-02, -4.826521e-02, 2.838943e-01, -5.651174e-02, 1.169079e-02, -2.477392e-03, -5.485264e-02, -5.651174e-02, 4.291356e-01
3.039017e-03, -9.149713e-04, -8.639217e-05, -1.186533e-02, 1.594850e-02, -9.149713e-04, 3.841075e-03, -7.737298e-03, 1.054968e-02, -3.298642e-03, -8.639217e-05, -7.737298e-03, 5.521873e-02, -2.795942e-02, -4.803716e-02, -1.186533e-02, 1.054968e-02, -2.795942e-02, 2.687933e-01, -1.209286e-01, 1.594850e-02, -3.298642e-03, -4.803716e-02, -1.209286e-01, 4.817837e-01
2.967957e-03, -9.054722e-04, -1.500139e-03, -1.400572e-02, 1.185743e-02, -9.054722e-04, 2.585251e-03, -5.489474e-03, 9.710307e-03, -5.702356e-04, -1.500139e-03, -5.489474e-03, 5.509538e-02, -2.779336e-02, -4.692413e-02, -1.400572e-02, 9.710307e-03, -2.779336e-02, 3.179153e-01, -6.716550e-02, 1.185743e-02, -5.702356e-04, -4.692413e-02, -6.716550e-02, 3.507017e-01
2.715450e-03, -7.041434e-04, -1.709598e-03, -1.182349e-02, 7.660148e-03, -7.041434e-04, 1.913597e-03, -4.909097e-03, 5.422173e-03, 1.640360e-03, -1.709598e-03, -4.909097e-03, 4.993227e-02, -2.174614e-02, -5.438240e-02, -1.182349e-02, 5.422173e-03, -2.174614e-02, 2.725217e-01, -3.244829e-02, 7.660148e-03, 1.640360e-03, -5.438240e-02, -3.244829e-02, 3.022434e-01
2.413254e-03, -5.672458e-04, -2.641658e-03, -1.043844e-02, 1.113999e-02, -5.672458e-04, 1.442838e-03, -3.588271e-03, 3.583987e-03, -6.561971e-04, -2.641658e-03, -3.588271e-03, 4.174619e-02, -1.352239e-02, -4.329597e-02, -1.043844e-02, 3.583987e-03, -1.352239e-02, 2.662406e-01, -2.279418e-02, 1.113999e-02, -6.561971e-04, -4.329597e-02, -2.279418e-02, 3.206959e-01
2.248702e-03, -5.741654e-04, -2.697021e-03, -9.094710e-03, 1.140747e-02, -5.741654e-04, 1.024582e-03, -2.484919e-03, 3.082438e-03, -1.079314e-03, -2.697021e-03, -2.484919e-03, 4.060840e-02, -2.247747e-02, -4.445374e-02, -9.094710e-03, 3.082438e-03, -2.247747e-02, 2.685502e-01, 2.641049e-03, 1.140747e-02, -1.079314e-03, -4.445374e-02, 2.641049e-03, 2.818908e-01
2.987636e-03, -7.960426e-04, -3.399579e-03, -8.684295e-03, 1.123425e-02, -7.960426e-04, 1.074958e-03, -1.326846e-03, 2.258877e-03, -1.192639e-03, -3.399579e-03, -1.326846e-03, 3.321244e-02, -2.077275e-02, -3.191085e-02, -8.684295e-03, 2.258877e-03, -2.077275e-02, 3.049285e-01, 3.656399e-02, 1.123425e-02, -1.192639e-03, -3.191085e-02, 3.656399e-02, 2.549862e-01
3.307440e-03, -7.838046e-04, -4.051342e-03, -1.016524e-02, 9.457911e-03, -7.838046e-04, 8.566949e-04, -4.711317e-04, 2.560808e-03, -1.538933e-04, -4.051342e-03, -4.711317e-04, 2.887890e-02, -1.139578e-02, -2.947714e-02, -1.016524e-02, 2.560808e-03, -1.139578e-02, 2.948944e-01, 2.690452e-02, 9.457911e-03, -1.538933e-04, -2.947714e-02, 2.690452e-02, 2.324869e-01
2.630977e-03, -6.656206e-04, -2.809508e-03, -5.907387e-03, 9.690737e-03, -6.656206e-04, 7.058198e-04, -3.360528e-04, 1.991631e-03, -6.533924e-04, -2.809508e-03, -3.360528e-04, 2.566096e-02, -2.279022e-02, -1.565272e-02, -5.907387e-03, 1.991631e-03, -2.279022e-02, 2.430428e-01, 8.304459e-03, 9.690737e-03, -6.533924e-04, -1.565272e-02, 8.304459e-03, 2.530496e-01
2.189070e-03, -6.866942e-04, -1.417915e-03, -3.511648e-03, 8.082390e-03, -6.866942e-04, 6.842659e-04, 3.564121e-05, -1.969134e-04, -6.756928e-04, -1.417915e-03, 3.564121e-05, 2.015277e-02, -2.054538e-02, -9.274130e-03, -3.511648e-03, -1.969134e-04, -2.054538e-02, 1.925476e-01, -9.893639e-03, 8.082390e-03, -6.756928e-04, -9.274130e-03, -9.893639e-03, 2.446305e-01
2.145445e-03, -5.709561e-04, -8.177382e-04, -5.732007e-03, 9.461980e-03, -5.709561e-04, 5.541258e-04, -3.564950e-04, -6.150622e-04, -1.237930e-03, -8.177382e-04, -3.564950e-04, 1.823216e-02, -1.786119e-02, -4.488000e-03, -5.732007e-03, -6.150622e-04, -1.786119e-02, 1.921499e-01, -3.826022e-02, 9.461980e-03, -1.237930e-03, -4.488000e-03, -3.826022e-02, 2.628654e-01
2.077538e-03, -5.441851e-04, -1.480571e-03, -7.574064e-03, 7.311651e-03, -5.441851e-04, 5.254699e-04, 3.381757e-05, 6.187518e-04, -4.087560e-04, -1.480571e-03, 3.381757e-05, 1.682728e-02, -1.560774e-02, -1.110395e-02, -7.574064e-03, 6.187518e-04, -1.560774e-02, 2.405737e-01, -2.871422e-02, 7.311651e-03, -4.087560e-04, -1.110395e-02, -2.871422e-02, 2.309052e-01
1.680478e-03, -5.199014e-04, -1.183302e-03, -5.300169e-03, 4.093762e-03, -5.199014e-04, 5.664190e-04, 4.057035e-04, 7.778272e-04, 5.916661e-04, -1.183302e-03, 4.057035e-04, 1.878352e-02, -1.359492e-02, -3.912777e-03, -5.300169e-03, 7.778272e-04, -1.359492e-02, 2.440426e-01, -5.484971e-02, 4.093762e-03, 5.916661e-04, -3.912777e-03, -5.484971e-02, 2.180707e-01
2.069888e-03, -4.838188e-04, 1.221258e-03, -3.357973e-03, 3.718253e-03, -4.838188e-04, 5.714977e-04, 3.628250e-04, -9.754736e-04, 1.373142e-03, 1.221258e-03, 3.628250e-04, 2.409712e-02, -1.436176e-02, 4.770842e-03, -3.357973e-03, -9.754736e-04, -1.436176e-02, 1.710594e-01, -3.884907e-02, 3.718253e-03, 1.373142e-03, 4.770842e-03, -3.884907e-02, 1.936069e-01
2.515456e-03, -3.714727e-04, 2.069602e-03, -5.453095e-03, 8.751592e-03, -3.714727e-04, 5.270102e-04, 5.252966e-04, -8.340980e-04, 1.369890e-03, 2.069602e-03, 5.252966e-04, 2.632692e-02, -1.491944e-02, 8.513793e-03, -5.453095e-03, -8.340980e-04, -1.491944e-02, 1.229898e-01, -4.688357e-02, 8.751592e-03, 1.369890e-03, 8.513793e-03, -4.688357e-02, 2.140320e-01
1.968508e-03, -2.331646e-04, 3.452681e-04, -2.222047e-03, 6.941965e-03, -2.331646e-04, 5.035747e-04, 7.695183e-04, 6.223379e-05, 1.154570e-03, 3.452681e-04, 7.695183e-04, 3.244554e-02, -2.277116e-02, -7.398527e-04, -2.222047e-03, 6.223379e-05, -2.277116e-02, 1.182171e-01, -2.687851e-02, 6.941965e-03, 1.154570e-03, -7.398527e-04, -2.687851e-02, 1.897204e-01
1.807311e-03, -1.284809e-04, 1.681313e-03, -1.436071e-03, 6.053672e-03, -1.284809e-04, 4.852734e-04, 1.391658e-03, 9.556041e-06, 1.335707e-03, 1.681313e-03, 1.391658e-03, 3.410260e-02, -1.528857e-02, 5.417654e-03, -1.436071e-03, 9.556041e-06, -1.528857e-02, 1.094748e-01, -3.196597e-02, 6.053672e-03, 1.335707e-03, 5.417654e-03, -3.196597e-02, 1.522120e-01
1.706001e-03, -1.041355e-04, 1.915710e-03, -1.136344e-03, 6.712208e-03, -1.041355e-04, 3.591976e-04, 1.465083e-03, -8.041068e-05, 1.813524e-03, 1.915710e-03, 1.465083e-03, 3.408220e-02, -7.522248e-03, 1.259621e-02, -1.136344e-03, -8.041068e-05, -7.522248e-03, 9.280884e-02, -1.881650e-02, 6.712208e-03, 1.813524e-03, 1.259621e-02, -1.881650e-02, 1.594445e-01
1.287880e-03, -5.899275e-05, 1.087045e-03, -1.467443e-03, 5.174709e-03, -5.899275e-05, 2.834155e-04, 1.524744e-03, 1.717081e-04, 1.869437e-03, 1.087045e-03, 1.524744e-03, 3.565021e-02, -4.864991e-04, 1.240415e-02, -1.467443e-03, 1.717081e-04, -4.864991e-04, 1.118149e-01, -3.227721e-02, 5.174709e-03, 1.869437e-03, 1.240415e-02, -3.227721e-02, 1.686516e-01
1.164796e-03, -9.566649e-05, -3.843576e-04, 4.813143e-04, 3.683659e-03, -9.566649e-05, 2.116194e-04, 9.520955e-04, -3.338481e-05, 1.431982e-03, -3.843576e-04, 9.520955e-04, 3.168922e-02, 3.046086e-03, 1.044874e-02, 4.813143e-04, -3.338481e-05, 3.046086e-03, 1.476581e-01, -1.390019e-02, 3.683659e-03, 1.431982e-03, 1.044874e-02, -1.390019e-02, 1.394295e-01
1.133988e-03, -1.290409e-04, -1.394866e-03, 1.729854e-04, 4.935468e-03, -1.290409e-04, 1.630605e-04, 8.154432e-04, -1.151990e-04, 4.280623e-04, -1.394866e-03, 8.154432e-04, 3.415770e-02, 5.736171e-03, 7.334793e-03, 1.729854e-04, -1.151990e-04, 5.736171e-03, 1.173245e-01, -4.921140e-03, 4.935468e-03, 4.280623e-04, 7.334793e-03, -4.921140e-03, 1.385096e-01
9.624208e-04, -9.628340e-05, -1.508670e-03, 4.101901e-04, 3.794221e-03, -9.628340e-05, 1.750631e-04, 7.244878e-04, -3.788204e-04, 1.378315e-04, -1.508670e-03, 7.244878e-04, 3.533455e-02, 1.686752e-03, 5.166096e-03, 4.101901e-04, -3.788204e-04, 1.686752e-03, 8.501136e-02, -4.254508e-03, 3.794221e-03, 1.378315e-04, 5.166096e-03, -4.254508e-03, 1.216701e-01
8.191077e-04, -9.678700e-05, -1.876034e-03, -5.764233e-04, 2.491965e-03, -9.678700e-05, 1.480612e-04, 7.407301e-04, 4.366337e-04, 2.020892e-04, -1.876034e-03, 7.407301e-04, 3.702060e-02, 1.375283e-03, 2.868783e-04, -5.764233e-04, 4.366337e-04, 1.375283e-03, 8.334626e-02, 1.435451e-03, 2.491965e-03, 2.020892e-04, 2.868783e-04, 1.435451e-03, 9.916739e-02
9.894501e-04, -9.831545e-05, -1.605341e-03, -1.600672e-03, 2.961444e-03, -9.831545e-05, 1.429310e-04, 1.017625e-03, -4.328615e-04, 1.407952e-04, -1.605341e-03, 1.017625e-03, 2.964956e-02, 1.346448e-03, 6.027853e-03, -1.600672e-03, -4.328615e-04, 1.346448e-03, 1.056109e-01, 1.551013e-02, 2.961444e-03, 1.407952e-04, 6.027853e-03, 1.551013e-02, 1.076983e-01
9.571545e-04, -9.584115e-05, -6.451831e-04, -2.562159e-04, 4.340457e-03, -9.584115e-05, 1.553207e-04, 1.260369e-03, -3.466377e-04, 2.016101e-04, -6.451831e-04, 1.260369e-03, 3.368178e-02, 9.913746e-03, 8.015453e-03, -2.562159e-04, -3.466377e-04, 9.913746e-03, 9.902592e-02, 2.987972e-02, 4.340457e-03, 2.016101e-04, 8.015453e-03, 2.987972e-02, 1.158568e-01
9.668614e-04, -8.100031e-05, -7.361890e-04, -2.430663e-03, 2.783784e-03, -8.100031e-05, 1.354966e-04, 9.858419e-04, 7.838289e-05, 1.895948e-04, -7.361890e-04, 9.858419e-04, 2.993775e-02, 2.193583e-02, 1.428937e-02, -2.430663e-03, 7.838289e-05, 2.193583e-02, 1.234643e-01, 3.979640e-02, 2.783784e-03, 1.895948e-04, 1.428937e-02, 3.979640e-02, 1.110455e-01
8.828824e-04, -4.228697e-05, -1.413374e-03, -3.935158e-03, 2.824018e-03, -4.228697e-05, 1.236513e-04, 9.394228e-04, -2.111115e-04, 4.743220e-05, -1.413374e-03, 9.394228e-04, 3.295216e-02, 3.054311e-02, 1.200880e-02, -3.935158e-03, -2.111115e-04, 3.054311e-02, 1.321127e-01, 3.649331e-02, 2.824018e-03, 4.743220e-05, 1.200880e-02, 3.649331e-02, 1.037621e-01
8.429663e-04, -3.189119e-05, -8.869609e-04, -2.287506e-03, 2.818518e-03, -3.189119e-05, 1.276309e-04, 1.129792e-03, 2.172710e-04, 1.595652e-04, -8.869609e-04, 1.129792e-03, 3.302065e-02, 3.146137e-02, 7.986191e-03, -2.287506e-03, 2.172710e-04, 3.146137e-02, 1.352297e-01, 4.464982e-02, 2.818518e-03, 1.595652e-04, 7.986191e-03, 4.464982e-02, 8.366268e-02
9.471842e-04, -8.959666e-05, -1.924639e-03, -2.200039e-03, 1.761058e-03, -8.959666e-05, 1.040972e-04, 9.675817e-04, 1.782779e-04, 1.479564e-04, -1.924639e-03, 9.675817e-04, 3.148028e-02, 4.248807e-02, 1.466573e-02, -2.200039e-03, 1.782779e-04, 4.248807e-02, 1.758462e-01, 6.343149e-02, 1.761058e-03, 1.479564e-04, 1.466573e-02, 6.343149e-02, 8.035017e-02
9.066750e-04, -1.010943e-04, -2.147616e-03, -1.860734e-03, 1.710997e-03, -1.010943e-04, 1.017670e-04, 1.062484e-03, 4.977657e-04, 1.955370e-04, -2.147616e-03, 1.062484e-03, 2.995220e-02, 4.148188e-02, 1.763644e-02, -1.860734e-03, 4.977657e-04, 4.148188e-02, 1.503262e-01, 6.431563e-02, 1.710997e-03, 1.955370e-04, 1.763644e-02, 6.431563e-02, 8.799776e-02
1.053157e-03, -1.176297e-04, -2.067032e-03, -2.361014e-03, 1.924650e-04, -1.176297e-04, 1.043907e-04, 1.230720e-03, 6.826837e-04, 1.566245e-04, -2.067032e-03, 1.230720e-03, 3.093479e-02, 4.343236e-02, 1.667389e-02, -2.361014e-03, 6.826837e-04, 4.343236e-02, 1.574324e-01, 5.846918e-02, 1.924650e-04, 1.566245e-04, 1.667389e-02, 5.846918e-02, 7.849041e-02
1.218144e-03, -7.005488e-05, -1.850447e-03, -4.614370e-03, -6.282205e-04, -7.005488e-05, 9.731159e-05, 1.130764e-03, 3.921502e-04, 4.489687e-04, -1.850447e-03, 1.130764e-03, 2.902886e-02, 4.028958e-02, 2.531723e-02, -4.614370e-03, 3.921502e-04, 4.028958e-02, 1.516884e-01, 7.566093e-02, -6.282205e-04, 4.489687e-04, 2.531723e-02, 7.566093e-02, 1.117204e-01
1.024687e-03, -2.916414e-06, -8.683378e-04, -2.759032e-03, 1.928114e-04, -2.916414e-06, 8.362718e-05, 9.312781e-04, 2.158878e-04, 5.479829e-04, -8.683378e-04, 9.312781e-04, 2.416119e-02, 2.982067e-02, 2.364662e-02, -2.759032e-03, 2.158878e-04, 2.982067e-02, 1.130691e-01, 6.154099e-02, 1.928114e-04, 5.479829e-04, 2.364662e-02, 6.154099e-02, 9.343784e-02
1.341501e-03, 2.967713e-05, 4.789419e-05, -2.691557e-03, 1.629457e-03, 2.967713e-05, 8.722462e-05, 9.932003e-04, 2.773431e-04, 1.234518e-04, 4.789419e-05, 9.932003e-04, 3.051986e-02, 4.066327e-02, 3.355040e-02, -2.691557e-03, 2.773431e-04, 4.066327e-02, 1.327409e-01, 8.386824e-02, 1.629457e-03, 1.234518e-04, 3.355040e-02, 8.386824e-02, 1.238635e-01
1.282256e-03, -2.071048e-05, 6.056764e-04, -1.537148e-03, 3.614955e-03, -2.071048e-05, 8.544588e-05, 9.546914e-04, 4.827248e-04, -2.225315e-05, 6.056764e-04, 9.546914e-04, 2.766807e-02, 3.369660e-02, 2.859325e-02, -1.537148e-03, 4.827248e-04, 3.369660e-02, 1.015982e-01, 6.179794e-02, 3.614955e-03, -2.225315e-05, 2.859325e-02, 6.179794e-02, 1.067486e-01
1.149925e-03, -1.317421e-05, -6.924993e-05, -2.485094e-03, 2.251522e-03, -1.317421e-05, 8.024344e-05, 8.835062e-04, 4.674516e-04, -5.165873e-04, -6.924993e-05, 8.835062e-04, 2.646227e-02, 3.590954e-02, 2.911433e-02, -2.485094e-03, 4.674516e-04, 3.590954e-02, 1.119351e-01, 6.215346e-02, 2.251522e-03, -5.165873e-04, 2.911433e-02, 6.215346e-02, 1.278168e-01
1.132352e-03, -4.644529e-05, -8.055726e-04, -2.709242e-03, 1.708399e-03, -4.644529e-05, 7.142610e-05, 9.003466e-04, 2.538647e-04, -4.931338e-04, -8.055726e-04, 9.003466e-04, 2.723546e-02, 3.326327e-02, 2.703514e-02, -2.709242e-03, 2.538647e-04, 3.326327e-02, 1.162337e-01, 6.857623e-02, 1.708399e-03, -4.931338e-04, 2.703514e-02, 6.857623e-02, 1.124720e-01
9.991992e-04, -4.971487e-05, -1.425467e-03, -3.869809e-03, 1.919414e-03, -4.971487e-05, 5.240864e-05, 8.113954e-04, 6.709845e-04, -7.611703e-05, -1.425467e-03, 8.113954e-04, 2.900040e-02, 4.902117e-02, 2.774857e-02, -3.869809e-03, 6.709845e-04, 4.902117e-02, 1.596074e-01, 7.361092e-02, 1.919414e-03, -7.611703e-05, 2.774857e-02, 7.361092e-02, 1.015994e-01
9.092162e-04, -1.507459e-05, -9.947555e-04, -4.083347e-03, 2.212997e-03, -1.507459e-05, 4.667490e-05, 6.317111e-04, 7.167779e-04, 1.052304e-04, -9.947555e-04, 6.317111e-04, 2.445011e-02, 4.761472e-02, 2.802748e-02, -4.083347e-03, 7.167779e-04, 4.761472e-02, 1.734528e-01, 5.850628e-02, 2.212997e-03, 1.052304e-04, 2.802748e-02, 5.850628e-02, 9.791258e-02
6.860093e-04, -2.706926e-05, -9.264816e-04, -2.971424e-03, 2.026650e-03, -2.706926e-05, 7.520873e-05, 8.905178e-04, 1.243457e-03, 8.542892e-05, -9.264816e-04, 8.905178e-04, 2.347193e-02, 4.473183e-02, 2.181242e-02, -2.971424e-03, 1.243457e-03, 4.473183e-02, 1.453974e-01, 4.860288e-02, 2.026650e-03, 8.542892e-05, 2.181242e-02, 4.860288e-02, 8.984786e-02
5.531923e-04, -1.919504e-05, -7.035230e-04, -2.297850e-03, 1.548154e-03, -1.919504e-05, 5.693544e-05, 6.681489e-04, 1.056432e-03, 7.303616e-05, -7.035230e-04, 6.681489e-04, 2.094587e-02, 4.177936e-02, 2.047963e-02, -2.297850e-03, 1.056432e-03, 4.177936e-02, 1.478903e-01, 3.825864e-02, 1.548154e-03, 7.303616e-05, 2.047963e-02, 3.825864e-02, 8.922996e-02
3.948041e-04, -1.788614e-05, -4.785278e-04, -1.729733e-03, 1.795391e-03, -1.788614e-05, 5.161382e-05, 6.147340e-04, 1.039289e-03, 1.933454e-04, -4.785278e-04, 6.147340e-04, 1.753999e-02, 3.420848e-02, 1.769389e-02, -1.729733e-03, 1.039289e-03, 3.420848e-02, 1.246197e-01, 3.539939e-02, 1.795391e-03, 1.933454e-04, 1.769389e-02, 3.539939e-02, 7.797455e-02
3.319738e-04, 4.455048e-06, -4.196805e-04, -1.789476e-03, 1.154327e-03, 4.455048e-06, 5.306824e-05, 5.384310e-04, 9.075834e-04, 2.489327e-04, -4.196805e-04, 5.384310e-04, 1.415813e-02, 2.834761e-02, 1.677197e-02, -1.789476e-03, 9.075834e-04, 2.834761e-02, 1.182930e-01, 2.568384e-02, 1.154327e-03, 2.489327e-04, 1.677197e-02, 2.568384e-02, 7.774115e-02
2.729751e-04, -5.770848e-06, -1.949639e-04, -9.346413e-04, 1.941093e-03, -5.770848e-06, 7.566905e-05, 6.584932e-04, 5.672674e-04, -1.741424e-04, -1.949639e-04, 6.584932e-04, 1.284709e-02, 1.829099e-02, 1.513729e-02, -9.346413e-04, 5.672674e-04, 1.829099e-02, 9.582071e-02, 1.952645e-02, 1.941093e-03, -1.741424e-04, 1.513729e-02, 1.952645e-02, 9.602465e-02
1.856579e-04, -4.134051e-06, -1.888745e-04, -1.145148e-03, 1.334199e-03, -4.134051e-06, 6.143285e-05, 6.218686e-04, 7.019226e-04, 1.553686e-04, -1.888745e-04, 6.218686e-04, 1.374692e-02, 2.060447e-02, 1.867939e-02, -1.145148e-03, 7.019226e-04, 2.060447e-02, 9.460306e-02, 2.548827e-02, 1.334199e-03, 1.553686e-04, 1.867939e-02, 2.548827e-02, 9.696324e-02
1.165658e-04, -8.375248e-06, -2.081230e-04, -8.618510e-04, 5.866431e-04, -8.375248e-06, 6.928012e-05, 6.011739e-04, 6.784376e-04, -2.477309e-04, -2.081230e-04, 6.011739e-04, 1.312356e-02, 2.575502e-02, 1.925416e-02, -8.618510e-04, 6.784376e-04, 2.575502e-02, 1.132800e-01, 5.303246e-02, 5.866431e-04, -2.477309e-04, 1.925416e-02, 5.303246e-02, 1.085179e-01
9.525730e-05, -3.039561e-06, -2.305654e-04, -1.110322e-03, -2.410487e-04, -3.039561e-06, 5.896427e-05, 4.971228e-04, 3.883282e-04, -4.919209e-04, -2.305654e-04, 4.971228e-04, 1.260104e-02, 2.350621e-02, 1.938877e-02, -1.110322e-03, 3.883282e-04, 2.350621e-02, 1.051596e-01, 5.258591e-02, -2.410487e-04, -4.919209e-04, 1.938877e-02, 5.258591e-02, 1.199273e-01
6.666162e-05, -8.405118e-06, -2.429718e-04, -7.442035e-04, -2.464644e-04, -8.405118e-06, 5.484017e-05, 5.519431e-04, 5.247518e-04, -3.654511e-04, -2.429718e-04, 5.519431e-04, 1.226150e-02, 1.911573e-02, 1.508221e-02, -7.442035e-04, 5.247518e-04, 1.911573e-02, 8.699706e-02, 3.503548e-02, -2.464644e-04, -3.654511e-04, 1.508221e-02, 3.503548e-02, 1.001918e-01
4.938462e-05, -2.743586e-07, -2.313599e-04, -4.742029e-04, -5.658630e-04, -2.743586e-07, 4.672673e-05, 4.955008e-04, 9.159251e-04, -1.131534e-04, -2.313599e-04, 4.955008e-04, 1.198866e-02, 2.255591e-02, 1.833277e-02, -4.742029e-04, 9.159251e-04, 2.255591e-02, 9.937495e-02, 4.156165e-02, -5.658630e-04, -1.131534e-04, 1.833277e-02, 4.156165e-02, 1.041254e-01
4.319209e-05, -9.778132e-07, -2.011448e-04, -6.909173e-04, -4.000848e-04, -9.778132e-07, 4.013970e-05, 3.591464e-04, 9.330942e-04, -3.848059e-04, -2.011448e-04, 3.591464e-04, 1.010295e-02, 2.636221e-02, 1.906132e-02, -6.909173e-04, 9.330942e-04, 2.636221e-02, 1.356938e-01, 5.131569e-02, -4.000848e-04, -3.848059e-04, 1.906132e-02, 5.131569e-02, 1.347606e-01
2.736175e-05, -6.293220e-07, -1.358815e-04, -4.166938e-04, -3.230178e-04, -6.293220e-07, 4.140153e-05, 3.606816e-04, 1.207864e-03, -4.908017e-04, -1.358815e-04, 3.606816e-04, 9.042440e-03, 2.231647e-02, 1.399265e-02, -4.166938e-04, 1.207864e-03, 2.231647e-02, 1.230788e-01, 2.292928e-02, -3.230178e-04, -4.908017e-04, 1.399265e-02, 2.292928e-02, 1.221651e-01
1.523645e-05, -1.386639e-06, -1.394617e-04, -3.577022e-04, -3.544199e-04, -1.386639e-06, 3.772478e-05, 3.546370e-04, 1.201606e-03, -1.124396e-04, -1.394617e-04, 3.546370e-04, 9.731761e-03, 1.891617e-02, 1.780835e-02, -3.577022e-04, 1.201606e-03, 1.891617e-02, 1.079181e-01, 2.343622e-02, -3.544199e-04, -1.124396e-04, 1.780835e-02, 2.343622e-02, 1.195001e-01
9.341213e-06, -9.554288e-07, -7.214935e-05, -2.059657e-04, -1.162233e-04, -9.554288e-07, 3.419024e-05, 2.901949e-04, 1.350187e-03, 4.795148e-05, -7.214935e-05, 2.901949e-04, 8.724113e-03, 1.918036e-02, 2.314578e-02, -2.059657e-04, 1.350187e-03, 1.918036e-02, 1.205254e-01, 4.028043e-02, -1.162233e-04, 4.795148e-05, 2.314578e-02, 4.028043e-02, 1.549157e-01
6.705227e-06, -1.070038e-07, -4.825679e-05, -1.735645e-04, -8.871403e-05, -1.070038e-07, 2.966269e-05, 2.289148e-04, 1.219704e-03, 8.936301e-05, -4.825679e-05, 2.289148e-04, 8.431998e-03, 1.807785e-02, 2.533281e-02, -1.735645e-04, 1.219704e-03, 1.807785e-02, 1.185765e-01, 4.221432e-02, -8.871403e-05, 8.936301e-05, 2.533281e-02, 4.221432e-02, 1.762879e-01
3.960760e-06, -5.730700e-07, -5.203608e-05, -1.672502e-04, -1.019213e-04, -5.730700e-07, 2.769782e-05, 1.749562e-04, 1.141207e-03, -2.635037e-04, -5.203608e-05, 1.749562e-04, 8.367934e-03, 1.657507e-02, 2.592543e-02, -1.672502e-04, 1.141207e-03, 1.657507e-02, 1.166878e-01, 1.752545e-02, -1.019213e-04, -2.635037e-04, 2.592543e-02, 1.752545e-02, 1.897984e-01
2.476435e-06, 7.056767e-07, -1.451896e-05, -4.624942e-05, 2.309649e-05, 7.056767e-07, 2.508357e-05, 2.068885e-04, 1.116920e-03, 5.146484e-05, -1.451896e-05, 2.068885e-04, 8.435447e-03, 1.574526e-02, 2.973807e-02, -4.624942e-05, 1.116920e-03, 1.574526e-02, 1.077653e-01, 1.315605e-02, 2.309649e-05, 5.146484e-05, 2.973807e-02, 1.315605e-02, 2.201139e-01
1.503683e-06, 7.882231e-07, -1.529696e-05, -2.362269e-05, -3.639879e-05, 7.882231e-07, 2.252919e-05, 1.853604e-04, 8.965184e-04, 1.789662e-04, -1.529696e-05, 1.853604e-04, 7.825410e-03, 1.545455e-02, 2.971583e-02, -2.362269e-05, 8.965184e-04, 1.545455e-02, 1.029201e-01, 2.558918e-02, -3.639879e-05, 1.789662e-04, 2.971583e-02, 2.558918e-02, 2.239432e-01
9.842449e-07, 2.965774e-07, -2.954666e-05, -6.760364e-05, -1.048703e-04, 2.965774e-07, 1.994879e-05, 1.716978e-04, 8.908162e-04, 2.213713e-04, -2.954666e-05, 1.716978e-04, 1.038273e-02, 2.126506e-02, 4.010660e-02, -6.760364e-05, 8.908162e-04, 2.126506e-02, 1.124304e-01, 4.625071e-02, -1.048703e-04, 2.213713e-04, 4.010660e-02, 4.625071e-02, 2.691633e-01
5.857535e-07, 1.920703e-07, -2.804438e-05, -5.939693e-05, -1.046127e-04, 1.920703e-07, 1.666754e-05, 1.592723e-04, 7.774068e-04, 2.540885e-04, -2.804438e-05, 1.592723e-04, 1.280026e-02, 2.328071e-02, 5.045079e-02, -5.939693e-05, 7.774068e-04, 2.328071e-02, 1.068853e-01, 5.540753e-02, -1.046127e-04, 2.540885e-04, 5.045079e-02, 5.540753e-02, 3.107886e-01
3.624496e-07, 1.707079e-08, -2.366204e-05, -4.859717e-05, -8.454996e-05, 1.707079e-08, 1.826354e-05, 2.430709e-04, 1.126027e-03, 3.249813e-04, -2.366204e-05, 2.430709e-04, 1.549678e-02, 3.104747e-02, 5.374108e-02, -4.859717e-05, 1.126027e-03, 3.104747e-02, 1.400467e-01, 5.150582e-02, -8.454996e-05, 3.249813e-04, 5.374108e-02, 5.150582e-02, 3.123268e-01
2.455535e-07, 5.955453e-09, -1.628463e-05, -3.934464e-05, -5.571839e-05, 5.955453e-09, 2.133477e-05, 3.865765e-04, 1.628788e-03, 7.066916e-04, -1.628463e-05, 3.865765e-04, 1.905361e-02, 4.483157e-02, 6.333451e-02, -3.934464e-05, 1.628788e-03, 4.483157e-02, 1.921308e-01, 7.694480e-02, -5.571839e-05, 7.066916e-04, 6.333451e-02, 7.694480e-02, 3.512437e-01
1.575167e-07, -2.181975e-07, -1.455586e-05, -4.502422e-05, -3.502560e-05, -2.181975e-07, 1.940570e-05, 3.583640e-04, 1.623656e-03, 3.808121e-04, -1.455586e-05, 3.583640e-04, 1.718864e-02, 3.931370e-02, 5.462043e-02, -4.502422e-05, 1.623656e-03, 3.931370e-02, 1.909468e-01, 2.521041e-02, -3.502560e-05, 3.808121e-04, 5.462043e-02, 2.521041e-02, 3.393148e-01
9.830100e-08, -1.574543e-07, -8.620614e-06, -3.157910e-05, -1.090749e-05, -1.574543e-07, 1.338232e-05, 2.314165e-04, 1.187627e-03, 3.651141e-05, -8.620614e-06, 2.314165e-04, 1.291590e-02, 2.476940e-02, 4.226350e-02, -3.157910e-05, 1.187627e-03, 2.476940e-02, 1.557269e-01, -3.050416e-02, -1.090749e-05, 3.651141e-05, 4.226350e-02, -3.050416e-02, 3.107728e-01
6.259519e-08, -7.681768e-08, -3.159679e-06, -1.821451e-05, 9.162127e-06, -7.681768e-08, 1.367038e-05, 1.769152e-04, 1.237902e-03, -2.354403e-04, -3.159679e-06, 1.769152e-04, 8.977151e-03, 1.562241e-02, 3.262313e-02, -1.821451e-05, 1.237902e-03, 1.562241e-02, 1.604935e-01, -7.742879e-02, 9.162127e-06, -2.354403e-04, 3.262313e-02, -7.742879e-02, 3.020649e-01
4.273471e-08, 4.469856e-09, -1.683672e-06, -3.271548e-06, 3.754903e-06, 4.469856e-09, 1.030994e-05, 1.389328e-04, 8.246398e-04, -1.543286e-05, -1.683672e-06, 1.389328e-04, 7.655420e-03, 7.739505e-03, 3.432088e-02, -3.271548e-06, 8.246398e-04, 7.739505e-03, 1.083108e-01, -7.030734e-02, 3.754903e-06, -1.543286e-05, 3.432088e-02, -7.030734e-02, 3.169831e-01
3.731952e-08, 1.278190e-08, -8.449166e-08, -8.865190e-06, 1.585267e-05, 1.278190e-08, 9.157482e-06, 1.340271e-04, 6.850382e-04, 6.134518e-05, -8.449166e-08, 1.340271e-04, 7.010642e-03, 3.019153e-03, 3.488581e-02, -8.865190e-06, 6.850382e-04, 3.019153e-03, 1.017206e-01, -8.700809e-02, 1.585267e-05, 6.134518e-05, 3.488581e-02, -8.700809e-02, 3.268138e-01
3.600329e-08, 1.777606e-08, 2.913185e-06, -1.908748e-05, 4.134786e-05, 1.777606e-08, 7.199837e-06, 1.194340e-04, 4.819198e-04, 2.251863e-04, 2.913185e-06, 1.194340e-04, 6.904103e-03, -2.470332e-03, 4.047978e-02, -1.908748e-05, 4.819198e-04, -2.470332e-03, 9.674120e-02, -1.054818e-01, 4.134786e-05, 2.251863e-04, 4.047978e-02, -1.054818e-01, 3.744637e-01
3.885370e-08, 9.338032e-08, 8.322894e-06, -3.085662e-05, 7.980321e-05, 9.338032e-08, 5.580191e-06, 1.483879e-04, 1.407740e-04, 7.184873e-04, 8.322894e-06, 1.483879e-04, 1.037227e-02, -1.606141e-02, 7.158012e-02, -3.085662e-05, 1.407740e-04, -1.606141e-02, 1.076435e-01, -1.851168e-01, 7.980321e-05, 7.184873e-04, 7.158012e-02, -1.851168e-01, 6.048987e-01
3.246148e-08, 1.354274e-07, 9.001772e-06, -2.326261e-05, 7.858641e-05, 1.354274e-07, 4.463484e-06, 1.515350e-04, -4.776499e-06, 9.110852e-04, 9.001772e-06, 1.515350e-04, 1.091936e-02, -1.606619e-02, 7.790543e-02, -2.326261e-05, -4.776499e-06, -1.606619e-02, 7.831924e-02, -1.640936e-01, 7.858641e-05, 9.110852e-04, 7.790543e-02, -1.640936e-01, 6.524819e-01
3.255736e-08, 1.445375e-07, 1.178566e-05, -2.845965e-05, 9.737162e-05, 1.445375e-07, 3.453246e-06, 1.329927e-04, -6.044258e-05, 8.135318e-04, 1.178566e-05, 1.329927e-04, 1.140560e-02, -2.010246e-02, 8.642707e-02, -2.845965e-05, -6.044258e-05, -2.010246e-02, 8.309454e-02, -2.005893e-01, 9.737162e-05, 8.135318e-04, 8.642707e-02, -2.005893e-01, 7.691941e-01
2.853988e-08, 1.294071e-07, 9.795332e-06, -2.161940e-05, 8.300189e-05, 1.294071e-07, 3.134210e-06, 1.321847e-04, -5.712469e-05, 8.281225e-04, 9.795332e-06, 1.321847e-04, 1.021517e-02, -1.535922e-02, 7.612872e-02, -2.161940e-05, -5.712469e-05, -1.535922e-02, 6.308693e-02, -1.568884e-01, 8.300189e-05, 8.281225e-04, 7.612872e-02, -1.568884e-01, 6.757866e-01
2.776700e-08, 9.846729e-08, 9.973289e-06, -2.324425e-05, 8.589318e-05, 9.846729e-08, 2.367933e-06, 1.036909e-04, -7.136409e-05, 6.530528e-04, 9.973289e-06, 1.036909e-04, 9.667137e-03, -1.653865e-02, 7.467204e-02, -2.324425e-05, -7.136409e-05, -1.653865e-02, 5.526372e-02, -1.583629e-01, 8.589318e-05, 6.530528e-04, 7.467204e-02, -1.583629e-01, 6.724272e-01
2.768019e-08, 5.012853e-08, 7.887694e-06, -2.176432e-05, 7.456320e-05, 5.012853e-08, 1.431672e-06, 6.428686e-05, -6.415868e-05, 3.933308e-04, 7.887694e-06, 6.428686e-05, 7.481821e-03, -1.500305e-02, 5.923680e-02, -2.176432e-05, -6.415868e-05, -1.500305e-02, 4.859977e-02, -1.369378e-01, 7.456320e-05, 3.933308e-04, 5.923680e-02, -1.369378e-01, 5.495223e-01
1.981769e-08, 5.957145e-09, 4.481274e-06, -1.579523e-05, 4.860350e-05, 5.957145e-09, 9.985246e-07, 2.878213e-05, -2.430482e-06, 8.207025e-05, 4.481274e-06, 2.878213e-05, 4.344147e-03, -9.579494e-03, 3.542945e-02, -1.579523e-05, -2.430482e-06, -9.579494e-03, 3.934707e-02, -9.324374e-02, 4.860350e-05, 8.207025e-05, 3.542945e-02, -9.324374e-02, 3.807113e-01
2.032660e-08, 2.038207e-08, 4.002991e-06, -1.377616e-05, 5.018128e-05, 2.038207e-08, 8.027095e-07, 2.203449e-05, -2.035929e-05, 6.290532e-05, 4.002991e-06, 2.203449e-05, 2.610317e-03, -5.997738e-03, 2.221249e-02, -1.377616e-05, -2.035929e-05, -5.997738e-03, 2.907064e-02, -6.032531e-02, 5.018128e-05, 6.290532e-05, 2.221249e-02, -6.032531e-02, 2.847392e-01
2.266964e-08, 2.756492e-08, 3.358699e-06, -1.117755e-05, 4.846675e-05, 2.756492e-08, 6.964402e-07, 1.762895e-05, -3.363435e-05, 4.088683e-05, 3.358699e-06, 1.762895e-05, 1.649577e-03, -3.786427e-03, 1.355142e-02, -1.117755e-05, -3.363435e-05, -3.786427e-03, 2.387897e-02, -3.240845e-02, 4.846675e-05, 4.088683e-05, 1.355142e-02, -3.240845e-02, 2.086070e-01
1.671232e-08, 1.016727e-08, 2.100706e-06, -7.210184e-06, 3.161459e-05, 1.016727e-08, 5.088610e-07, 1.191730e-05, -3.722955e-05, -2.370381e-05, 2.100706e-06, 1.191730e-05, 1.122787e-03, -2.745825e-03, 8.311646e-03, -7.210184e-06, -3.722955e-05, -2.745825e-03, 2.492270e-02, -1.391690e-02, 3.161459e-05, -2.370381e-05, 8.311646e-03, -1.391690e-02, 1.569871e-01
1.565749e-08, 6.135504e-10, 1.203761e-06, -2.386832e-06, 2.545186e-05, 6.135504e-10, 3.776556e-07, 7.621629e-06, -3.161507e-05, -3.819735e-05, 1.203761e-06, 7.621629e-06, 7.333158e-04, -1.651170e-03, 5.251110e-03, -2.386832e-06, -3.161507e-05, -1.651170e-03, 2.197205e-02, 2.326541e-03, 2.545186e-05, -3.819735e-05, 5.251110e-03, 2.326541e-03, 1.213979e-01
1.391664e-08, -6.860807e-10, 5.407837e-07, 9.261221e-07, 1.785498e-05, -6.860807e-10, 2.351968e-07, 5.166904e-06, -1.992856e-05, -2.178585e-05, 5.407837e-07, 5.166904e-06, 4.779421e-04, -1.112368e-03, 2.975848e-03, 9.261221e-07, -1.992856e-05, -1.112368e-03, 1.963040e-02, 3.509676e-03, 1.785498e-05, -2.178585e-05, 2.975848e-03, 3.509676e-03, 9.272553e-02
1.141009e-08, -1.222900e-09, 2.152211e-07, 8.773241e-07, 1.339851e-05, -1.222900e-09, 1.620578e-07, 4.663430e-06, -1.587631e-05, -6.140341e-06, 2.152211e-07, 4.663430e-06, 3.747834e-04, -1.152071e-03, 1.640086e-03, 8.773241e-07, -1.587631e-05, -1.152071e-03, 1.739527e-02, -2.336435e-03, 1.339851e-05, -6.140341e-06, 1.640086e-03, -2.336435e-03, 6.799926e-02
1.015984e-08, -4.059487e-09, 1.317888e-07, -1.153176e-06, 1.476582e-05, -4.059487e-09, 1.413212e-07, 3.546719e-06, -2.891510e-06, -3.083867e-05, 1.317888e-07, 3.546719e-06, 3.183146e-04, -8.413197e-04, 1.388816e-03, -1.153176e-06, -2.891510e-06, -8.413197e-04, 1.203262e-02, -7.915904e-03, 1.476582e-05, -3.083867e-05, 1.388816e-03, -7.915904e-03, 8.718723e-02
8.358769e-09, -7.084165e-10, -1.590544e-08, -1.618865e-07, 1.080008e-05, -7.084165e-10, 1.157426e-07, 2.917846e-06, -3.354482e-06, -2.827848e-05, -1.590544e-08, 2.917846e-06, 2.685937e-04, -7.316228e-04, 1.166664e-03, -1.618865e-07, -3.354482e-06, -7.316228e-04, 8.958009e-03, -6.448446e-03, 1.080008e-05, -2.827848e-05, 1.166664e-03, -6.448446e-03, 8.459625e-02
8.275860e-09, -2.416029e-09, -1.060842e-07, -6.943744e-08, 1.080117e-05, -2.416029e-09, 9.505664e-08, 2.302672e-06, 6.167067e-07, -3.276109e-05, -1.060842e-07, 2.302672e-06, 2.270995e-04, -6.327831e-04, 9.600579e-04, -6.943744e-08, 6.167067e-07, -6.327831e-04, 8.142773e-03, -1.047609e-02, 1.080117e-05, -3.276109e-05, 9.600579e-04, -1.047609e-02, 8.245566e-02
