% # columns="iteration, evaluation, sigma, axis ratio, bestever, best, median, worst objective function value, further objective values of best", seed=5, Thu Jan 21 14:16:04 2021, <python>{}</python>
1 50 2.0536345210913107 1.0000400008000108 -25.5 -2.5500000000000000e+01 -8.0 -2.0   
2 100 2.0423076910452096 1.2399323506068591 -26.0 -2.6000000000000000e+01 -9.0 -2.0   
3 150 1.8850804067042382 1.8285773805834271 -32.5 -3.2500000000000000e+01 -10.0 -3.0   
4 200 1.9286929907979742 2.3730793446738754 -32.5 -2.6000000000000000e+01 -14.5 -1.0   
5 250 2.0135645080292934 3.2381377924983363 -32.5 -2.9500000000000000e+01 -16.5 -7.0   
6 300 1.9342183105814499 4.061215622688006 -32.5 -3.1000000000000000e+01 -19.0 -2.0   
7 350 1.7323910247004435 4.734515770237521 -33.0 -3.3000000000000000e+01 -20.0 -4.0   
8 400 1.6307030178017532 4.9801427368223505 -33.0 -2.9500000000000000e+01 -21.0 -5.0   
9 450 1.7337564900831126 5.883113897154636 -33.0 -3.3000000000000000e+01 -21.5 -2.0   
10 500 1.3892123735117414 7.741880858424295 -33.0 -3.1500000000000000e+01 -21.0 -2.0   
11 550 1.3493555607243046 7.45416520535293 -35.0 -3.5000000000000000e+01 -23.0 -3.0   
12 600 1.4626299697851404 8.402966480723942 -35.0 -3.1500000000000000e+01 -22.0 -3.0   
13 650 1.4854019647937804 7.805764659837064 -35.0 -3.2000000000000000e+01 -23.5 -2.0   
14 700 1.2833963235208818 9.01877375821381 -35.0 -3.3500000000000000e+01 -21.5 -1.0   
15 750 1.3758382847071013 10.51580929535977 -38.0 -3.8000000000000000e+01 -25.0 -3.0   
16 800 1.2371475270409036 11.04135343147968 -38.0 -3.7000000000000000e+01 -24.0 -5.0   
17 850 1.4606459761191295 11.757423429138846 -38.0 -3.3000000000000000e+01 -25.5 -3.0   
18 900 1.4343368385861657 15.380665955467823 -38.0 -3.2000000000000000e+01 -25.0 -5.0   
19 950 1.4905461980034604 12.303998653529588 -38.0 -3.4500000000000000e+01 -25.0 -5.5   
20 1000 1.2924901493765864 12.368697305211855 -38.0 -3.7000000000000000e+01 -25.0 -3.0   
21 1050 1.346070246736097 13.840055707337443 -38.0 -3.3500000000000000e+01 -25.5 -4.0   
22 1100 1.307768497484841 13.698279032106234 -38.0 -3.1000000000000000e+01 -26.5 -3.0   
23 1150 1.4164544884200043 13.994481373897475 -38.0 -3.2000000000000000e+01 -26.0 -3.0   
24 1200 1.2438834754244754 14.6052872575882 -38.0 -3.4500000000000000e+01 -26.5 -6.0   
25 1250 1.259379618786405 11.812131849877247 -38.0 -3.6500000000000000e+01 -27.0 -4.0   
26 1300 1.3509199012630169 14.336087891703613 -38.0 -3.6000000000000000e+01 -26.5 -1.0   
27 1350 1.5243072922468268 12.927091473746245 -38.5 -3.8500000000000000e+01 -27.0 -1.0   
28 1400 1.2968343435139267 12.899040662595652 -38.5 -3.5000000000000000e+01 -27.0 -3.0   
29 1450 1.3020826548127167 14.947987342288428 -38.5 -3.8000000000000000e+01 -28.0 -1.0   
30 1500 1.3086676745285586 15.198620671887053 -38.5 -3.8000000000000000e+01 -28.5 -4.0   
31 1550 1.1500146173196057 13.458922794880861 -38.5 -3.5000000000000000e+01 -28.0 -2.0   
32 1600 1.1781923366245421 12.932767757928454 -38.5 -3.8500000000000000e+01 -28.0 -2.0   
33 1650 1.035501658906795 12.737443685791812 -38.5 -3.8000000000000000e+01 -29.5 -23.5   
34 1700 0.9374513301908785 16.959262113923824 -38.5 -3.7500000000000000e+01 -28.5 -9.0   
35 1750 0.8909306565766311 17.738738870484124 -39.5 -3.9500000000000000e+01 -30.5 -4.0   
36 1800 0.7866872922527582 18.903104989342065 -39.5 -3.8500000000000000e+01 -29.0 -24.0   
37 1850 0.7027476769892937 22.41958066773233 -39.5 -3.7500000000000000e+01 -30.5 -23.5   
38 1900 0.7858183537216502 24.964439252353355 -39.5 -3.8500000000000000e+01 -31.0 -25.0   
39 1950 0.8008172573933302 24.735128123093347 -39.5 -3.7000000000000000e+01 -30.5 -24.0   
40 2000 0.7905341462221929 25.03646166446213 -39.5 -3.8000000000000000e+01 -31.0 -25.0   
41 2050 0.7419830892184239 25.316029905757322 -39.5 -3.8500000000000000e+01 -30.5 -25.0   
42 2100 0.640365680421962 26.227504763188378 -39.5 -3.7000000000000000e+01 -32.0 -27.0   
43 2150 0.6468936560729958 31.346922181471943 -39.5 -3.7500000000000000e+01 -30.5 -24.0   
44 2200 0.6128533007961753 29.57572148507705 -39.5 -3.8000000000000000e+01 -30.5 -24.0   
45 2250 0.7102225696508326 29.197406953570322 -39.5 -3.6500000000000000e+01 -32.0 -24.0   
46 2300 0.7367272115335077 24.51534660438873 -39.5 -3.6000000000000000e+01 -30.0 -24.5   
47 2350 0.7096179105808003 25.11740946324442 -39.5 -3.6500000000000000e+01 -30.5 -23.0   
48 2400 0.7783952931469829 21.986850070816068 -39.5 -3.9000000000000000e+01 -31.5 -25.0   
49 2450 0.7410139766766893 21.779581164112955 -39.5 -3.8000000000000000e+01 -31.5 -25.0   
50 2500 0.6847151152862627 26.62187437722921 -39.5 -3.9000000000000000e+01 -32.0 -24.5   
51 2550 0.5879582520189723 31.7217993597928 -39.5 -3.8000000000000000e+01 -33.0 -26.0   
52 2600 0.5659182318903233 31.57057867707855 -39.5 -3.9500000000000000e+01 -32.0 -25.0   
53 2650 0.5513600191572207 33.07709127095747 -39.5 -3.8000000000000000e+01 -32.0 -25.0   
54 2700 0.4987534620633605 28.43542106189532 -39.5 -3.9000000000000000e+01 -32.0 -26.0   
55 2750 0.45446622263940645 28.3373428120335 -39.5 -3.8000000000000000e+01 -32.5 -25.0   
56 2800 0.46032720883031303 34.67251453805339 -39.5 -3.8000000000000000e+01 -31.5 -26.0   
57 2850 0.4242867579618243 38.67112981712374 -39.5 -3.7000000000000000e+01 -32.0 -27.0   
58 2900 0.44420005475997915 41.83330116690079 -39.5 -3.8500000000000000e+01 -32.0 -27.0   
59 2950 0.4294643685970823 44.336595645817226 -39.5 -3.8000000000000000e+01 -32.5 -25.0   
60 3000 0.4577906731879719 45.775533603520756 -39.5 -3.7000000000000000e+01 -33.0 -25.0   
61 3050 0.4657873194251694 59.42451586242805 -39.5 -3.8500000000000000e+01 -31.0 -25.0   
62 3100 0.44974727436445244 61.496352964039 -39.5 -3.9000000000000000e+01 -32.0 -26.0   
63 3150 0.51269351686235 68.52099838483674 -39.5 -3.8000000000000000e+01 -32.0 -24.5   
64 3200 0.4473705637372023 76.23775219351722 -39.5 -3.6000000000000000e+01 -32.0 -27.0   
65 3250 0.49912410692642284 69.67584157818222 -39.5 -3.8000000000000000e+01 -32.5 -26.5   
66 3300 0.5592218048013133 77.40053765955925 -39.5 -3.7000000000000000e+01 -32.0 -24.0   
67 3350 0.5163143746243468 70.01722235351714 -39.5 -3.8500000000000000e+01 -32.5 -25.5   
68 3400 0.5106843410372467 88.31011499172621 -39.5 -3.7000000000000000e+01 -30.5 -26.0   
69 3450 0.5233890070675932 104.16871378085918 -39.5 -3.7000000000000000e+01 -31.5 -25.0   
70 3500 0.5399770721263383 113.84281179368301 -39.5 -3.7000000000000000e+01 -32.5 -25.0   
71 3550 0.48203691007693783 104.20292505648693 -39.5 -3.8500000000000000e+01 -33.0 -25.0   
72 3600 0.44689834969185205 80.4713722284761 -39.5 -3.8000000000000000e+01 -32.5 -26.0   
73 3650 0.41224619327989 79.54483835636108 -39.5 -3.8000000000000000e+01 -34.0 -27.0   
74 3700 0.4095184003906024 77.20232643828015 -39.5 -3.7000000000000000e+01 -33.5 -26.0   
75 3750 0.48845032274711264 73.82856232363046 -40.0 -4.0000000000000000e+01 -33.5 -27.5   
76 3800 0.4575083314593051 71.06605207305141 -40.0 -3.8000000000000000e+01 -32.5 -25.0   
77 3850 0.4560245526215228 74.37865231639027 -40.0 -3.9000000000000000e+01 -34.0 -27.5   
78 3900 0.45793702720234036 86.51822531142567 -40.0 -4.0000000000000000e+01 -33.0 -27.5   
79 3950 0.4225592461233308 92.9629281428905 -40.0 -3.9500000000000000e+01 -34.0 -26.0   
80 4000 0.4291528123580214 91.95394062179685 -40.0 -3.8000000000000000e+01 -35.0 -27.0   
81 4050 0.46039367583376484 101.30888741486203 -40.0 -3.9000000000000000e+01 -35.0 -26.5   
82 4100 0.4320859621743582 115.44333312582407 -40.0 -3.9500000000000000e+01 -35.0 -30.0   
83 4150 0.40919166496306303 103.34255539751632 -40.0 -4.0000000000000000e+01 -36.0 -28.0   
84 4200 0.380043326637386 115.83431826192476 -40.0 -3.9500000000000000e+01 -36.0 -27.0   
85 4250 0.3604624602649915 155.09504827305025 -40.0 -4.0000000000000000e+01 -36.0 -30.5   
86 4300 0.34600472770887086 186.59732743252815 -40.0 -3.9500000000000000e+01 -36.5 -30.5   
87 4350 0.3355749771387079 240.78147528640216 -40.0 -3.9500000000000000e+01 -36.5 -29.0   
88 4400 0.3141665029128996 320.7214791036857 -40.0 -3.9500000000000000e+01 -37.0 -33.5   
89 4450 0.3632620292849576 415.7280600720267 -40.0 -4.0000000000000000e+01 -38.0 -35.0   
90 4500 0.38880896198317727 587.1903466922512 -40.0 -4.0000000000000000e+01 -37.5 -35.0   
91 4550 0.44285892652799985 827.5643612211803 -40.0 -4.0000000000000000e+01 -38.0 -35.0   
92 4600 0.5089372073271655 1046.4101504464918 -40.0 -4.0000000000000000e+01 -38.0 -36.0   
93 4650 0.5228243335728527 1359.075754093445 -40.0 -4.0000000000000000e+01 -38.5 -34.5   
94 4700 0.4417204098811175 1603.3127078928887 -40.0 -4.0000000000000000e+01 -38.5 -35.0   
95 4750 0.42714623925442324 1910.656073685842 -40.5 -4.0500000000000000e+01 -39.5 -35.0   
96 4800 0.4051417504184719 2417.348347521339 -40.5 -4.0500000000000000e+01 -39.5 -38.0   
97 4850 0.3687117842512914 2911.8114019848476 -40.5 -4.0500000000000000e+01 -39.5 -37.0   
98 4900 0.34192207889748466 3258.0857748940116 -40.5 -4.0500000000000000e+01 -40.0 -38.5   
99 4950 0.34333849713801606 3804.0262777936473 -41.0 -4.1000000000000000e+01 -40.0 -39.0   
100 5000 0.33908164186599443 5100.742175497599 -41.0 -4.0500000000000000e+01 -40.0 -37.5   
101 5050 0.34132406149702704 5780.901028916089 -41.0 -4.0500000000000000e+01 -40.0 -38.5   
102 5100 0.30899528939380716 6776.974303983765 -41.0 -4.1000000000000000e+01 -40.0 -37.0   
103 5150 0.30657045006741873 6513.759860056252 -41.0 -4.1000000000000000e+01 -40.0 -38.5   
104 5200 0.30060195969632436 6774.697331933474 -41.0 -4.1000000000000000e+01 -40.0 -38.5   
105 5250 0.30095438157510646 5947.291663036691 -41.0 -4.1000000000000000e+01 -40.0 -39.0   
106 5300 0.3090470308020065 5696.236163310639 -41.0 -4.1000000000000000e+01 -40.5 -39.0   
107 5350 0.37697980525666 5336.716473551031 -41.0 -4.1000000000000000e+01 -40.5 -39.0   
108 5400 0.4845349043843992 4617.065256314261 -41.0 -4.1000000000000000e+01 -40.5 -38.5   
109 5450 0.6040986625801567 4124.739005247772 -41.0 -4.1000000000000000e+01 -40.5 -39.0   
110 5500 0.5701468979335707 3552.3288067519 -41.0 -4.1000000000000000e+01 -40.5 -38.0   
111 5550 0.5526600633623714 2997.252476460414 -41.0 -4.1000000000000000e+01 -40.5 -38.5   
112 5600 0.5514965153885475 2809.216157228501 -41.0 -4.1000000000000000e+01 -41.0 -38.5   
113 5650 0.49395188938466067 3421.4503526367794 -41.0 -4.1000000000000000e+01 -41.0 -39.5   
114 5700 0.45238785771678186 3642.3163154415097 -41.0 -4.1000000000000000e+01 -41.0 -39.5   
