% # columns="iteration, evaluation, sigma, max axis length,  min axis length, all principle axes lengths  (sorted square roots of eigenvalues of C)", seed=5, Thu Jan 21 14:16:04 2021
1 50 2.0610965982321576 1.0000400008000108 1.0 1.0 1.00001000005 1.0000200002000015 1.0000300004500045 1.0000400008000108
2 100 2.010124512395145 1.1497603064752546 0.8032534435995863 0.8032534435995863 0.8689875905992847 0.8912846904356932 0.9464577462660488 1.1497603064752546
3 150 1.7581682862903503 1.2890556239244664 0.5898901953430638 0.5898901953430638 0.8035569205285646 0.8259199355244408 0.935151334618644 1.2890556239244664
4 200 1.9270155846624781 1.1749881336267458 0.42708294308255906 0.42708294308255906 0.7659230179771632 0.7942645578341617 0.9204581372042655 1.1749881336267458
5 250 1.7597214306030289 1.1538760158360681 0.3272334515849526 0.3272334515849526 0.6680552748281241 0.7634694296861606 0.9474411670003982 1.1538760158360681
6 300 1.6184694000703788 1.058688136002825 0.26649693134209845 0.26649693134209845 0.6529776042286816 0.7125581558390272 0.8923010859840869 1.058688136002825
7 350 1.9344893828962002 1.058266827180374 0.2219825870856732 0.2219825870856732 0.5638310142065457 0.6742131277375504 0.8784624173884241 1.058266827180374
8 400 1.8247510392872763 1.1857290252241548 0.19595102399625536 0.19595102399625536 0.46986424325296106 0.7345851779459411 0.8839641178465145 1.1857290252241548
9 450 1.5778785772822737 1.222777220528165 0.1641389696599771 0.1641389696599771 0.4163711738690513 0.6582402687918119 0.7675356916807301 1.222777220528165
10 500 1.4574723414160344 1.1492037300577709 0.14334772434750528 0.14334772434750528 0.3594667634123146 0.6118833173542609 0.7015626495352422 1.1492037300577709
11 550 1.4378537702799172 1.0727991439170992 0.13137382049403065 0.13137382049403065 0.36800571567771123 0.5508372871277466 0.6537743954222539 1.0727991439170992
12 600 1.3026405212112702 1.0899472014469687 0.12639068295649528 0.12639068295649528 0.32818593740113616 0.5099483392409158 0.6865581399491365 1.0899472014469687
13 650 1.372446285425488 1.1507382465022904 0.12021173190594128 0.12021173190594128 0.26847180998108466 0.47502891253281077 0.6890782323332686 1.1507382465022904
14 700 1.4034714441982568 1.1694950124700425 0.12472064042204789 0.12472064042204789 0.22484119479528844 0.47607616729670704 0.6975087225324106 1.1694950124700425
15 750 1.3307538294157915 1.2262740054860863 0.12150456172531578 0.12150456172531578 0.18141829354764233 0.4110061630761109 0.7067613692126871 1.2262740054860863
16 800 1.4451494766944801 1.26148640274239 0.11631747958255395 0.11631747958255395 0.15350351790819092 0.39811273830334776 0.6579236641106675 1.26148640274239
17 850 1.3464525113912138 1.3058093830097603 0.11069910386806911 0.11069910386806911 0.1261347326254229 0.38972023101427117 0.7382731562423086 1.3058093830097603
18 900 1.159475044619437 1.261935615081432 0.10024954822884778 0.10024954822884778 0.11517442359400712 0.3764135491595072 0.6659997912327852 1.261935615081432
19 950 1.024848440792767 1.3560739773077903 0.08581822318821691 0.08581822318821691 0.09974108432448658 0.32477317223635094 0.61148527328957 1.3560739773077903
20 1000 0.9442481612866236 1.3896496161448053 0.08782947195610329 0.08782947195610329 0.09042589400165663 0.31357535334801784 0.5528362481830547 1.3896496161448053
21 1050 0.9061658057912108 1.5540529187188161 0.07349780631506261 0.07349780631506261 0.0928285711330764 0.289952328205851 0.5623476921160141 1.5540529187188161
22 1100 0.9045081607123827 1.5968774960395327 0.08061117362746902 0.08061117362746902 0.0971230185907508 0.30457084345881963 0.5286482080893524 1.5968774960395327
23 1150 0.9122893070121831 1.7373318050204096 0.07132354224695067 0.07132354224695067 0.09007815222265186 0.29198561771018805 0.5598416051538462 1.7373318050204096
24 1200 1.018558641487894 1.840195363362444 0.06520131588642177 0.06520131588642177 0.08739430679025935 0.3038566733643062 0.5189982410503151 1.840195363362444
25 1250 1.1408773797433234 1.8505422155063431 0.05938148996376232 0.05938148996376232 0.08553222669437524 0.2693899801174063 0.528955625280282 1.8505422155063431
26 1300 1.1676670042657824 1.770169209022344 0.056853757548562665 0.056853757548562665 0.08499173267857227 0.250302197015699 0.5437688625322802 1.770169209022344
27 1350 1.2250564579658882 1.7814060210097764 0.05008718729797336 0.05008718729797336 0.0773301655543632 0.2424644138146337 0.5387684109890037 1.7814060210097764
28 1400 1.208686773720794 1.4364012724376654 0.04581663410043985 0.04581663410043985 0.068335614494416 0.2622720052534241 0.4588033424140326 1.4364012724376654
29 1450 1.31486728121026 1.3903091261661262 0.04228988721251321 0.04228988721251321 0.05848637656682838 0.27151336022840916 0.4678873220280054 1.3903091261661262
30 1500 1.4282008856907 1.2068581663212028 0.0394343956084818 0.0394343956084818 0.061390699150318834 0.2743299765173993 0.44774381039598815 1.2068581663212028
31 1550 1.2619498168658978 1.0584872711963393 0.03824674123813005 0.03824674123813005 0.05893415927718097 0.29372238813590723 0.4276503875683112 1.0584872711963393
32 1600 1.1555841880730167 0.9314716971867131 0.035417685328628296 0.035417685328628296 0.05173900937199135 0.27581986908868117 0.4181894929011036 0.9314716971867131
33 1650 1.189606224219154 0.7948254438920475 0.031439114282201086 0.031439114282201086 0.04387307605645844 0.27091954147450203 0.37602420408431897 0.7948254438920475
34 1700 1.1111600180936072 0.7642526745487992 0.030817740131058893 0.030817740131058893 0.043378890649977415 0.2474061597220771 0.348404495474362 0.7642526745487992
35 1750 1.0423115995120151 0.683448840841718 0.030154605410665378 0.030154605410665378 0.03986063478529687 0.23092124467559033 0.3320445426832718 0.683448840841718
36 1800 1.0375239312227251 0.5882792931488345 0.02606942133235454 0.02606942133235454 0.03575594741503111 0.23079392657810133 0.2913805888891938 0.5882792931488345
37 1850 0.9676500637791071 0.5047554079536269 0.0251487053184286 0.0251487053184286 0.035473989256578305 0.22644912400443454 0.3210016784637585 0.5047554079536269
38 1900 0.8588399354204806 0.47277380575906314 0.02298918111515344 0.02298918111515344 0.030587844637007096 0.2498859274070843 0.3380394941412672 0.47277380575906314
39 1950 0.9597750305674151 0.4131937329269826 0.02062901941963134 0.02062901941963134 0.030679101099730727 0.23724895062531762 0.3142681674666896 0.4131937329269826
40 2000 1.0804028419643479 0.3861482670046771 0.019776766075118496 0.019776766075118496 0.03525973380410646 0.2439588727365536 0.30894501139807984 0.3861482670046771
41 2050 1.0285027330224252 0.4218137220181477 0.0189972291309552 0.0189972291309552 0.037408747313299094 0.24065350433202756 0.29264053424321745 0.4218137220181477
42 2100 0.9345483569577424 0.40519320236978335 0.018002134754393648 0.018002134754393648 0.03626606129535866 0.2365058090076364 0.27701235015441666 0.40519320236978335
43 2150 0.8533416696749302 0.3735348030569737 0.017403524001167965 0.017403524001167965 0.035140005025611064 0.205890294545849 0.28361678706514765 0.3735348030569737
44 2200 0.8316530525001533 0.3377996161891694 0.017607551746981892 0.017607551746981892 0.03096252704001197 0.18321885609886648 0.26277622906692916 0.3377996161891694
45 2250 0.782671795724227 0.343325971247196 0.016314304306452407 0.016314304306452407 0.03153753342209071 0.1722578686451418 0.240532360172202 0.343325971247196
46 2300 0.7388801015704323 0.340358628254932 0.016431972481896113 0.016431972481896113 0.03138407418954834 0.1865146234644745 0.23660884019956213 0.340358628254932
47 2350 0.7827603694110824 0.31702777546817074 0.01612691059713878 0.01612691059713878 0.028800800228807526 0.19585066919243413 0.21105114210835374 0.31702777546817074
48 2400 0.8380021985528988 0.26368422700347804 0.013913129850241904 0.013913129850241904 0.02670118743228606 0.20143008790220557 0.22368534801222176 0.26368422700347804
49 2450 0.8936885344687443 0.25361034364001606 0.012724302164165138 0.012724302164165138 0.024818317159974235 0.2005104406887113 0.21873634055623997 0.25361034364001606
50 2500 1.0125543460453745 0.27480814354568134 0.01436905341677124 0.01436905341677124 0.026071381203834964 0.19039415950568783 0.19867547152018922 0.27480814354568134
51 2550 0.9975278142199638 0.2786108696022185 0.013339196287181374 0.013339196287181374 0.02448887152383731 0.19536380266113648 0.215034020001458 0.2786108696022185
52 2600 1.0117651352586792 0.31935785718706383 0.01559441313025293 0.01559441313025293 0.020681778654918152 0.1760134237338699 0.23668341248072658 0.31935785718706383
53 2650 0.9224205981281768 0.3121688367302654 0.016235650883818842 0.016235650883818842 0.019837812831246644 0.16052784718771326 0.24828916488625813 0.3121688367302654
54 2700 0.8102287118048005 0.3225715177783643 0.015571708692290541 0.015571708692290541 0.017425160125647373 0.1564400873047981 0.2385257545961454 0.3225715177783643
55 2750 0.7455972272861339 0.30947507033461497 0.013628678175612466 0.013628678175612466 0.01669354436835502 0.151975588974802 0.23327181244567108 0.30947507033461497
56 2800 0.6514197155188647 0.28228098940653956 0.012433867240550721 0.012433867240550721 0.016045487536271854 0.14798330375244323 0.2185966579713294 0.28228098940653956
57 2850 0.646078159783391 0.295560714503935 0.012185575697269942 0.012185575697269942 0.014690151376632737 0.1464426291321625 0.1966474481388785 0.295560714503935
58 2900 0.6826444320116806 0.29703051510684264 0.012293231996720517 0.012293231996720517 0.013877024898128306 0.15647103662469541 0.20509614437976711 0.29703051510684264
59 2950 0.7442612783469607 0.3162417199300416 0.01117700864531291 0.01117700864531291 0.014231421522278059 0.14484182232732334 0.2445046181812382 0.3162417199300416
60 3000 0.7222815336761099 0.3076219524852891 0.010619682705838691 0.010619682705838691 0.01359296799351589 0.13659313435866846 0.24434891485489083 0.3076219524852891
61 3050 0.8608223108850477 0.2997467702704698 0.010077977295841157 0.010077977295841157 0.012042813586994914 0.1347355455523746 0.24318470118336769 0.2997467702704698
62 3100 1.0413731956441041 0.2834158741620481 0.010417283932292907 0.010417283932292907 0.011784062083321408 0.12771076639202836 0.2366012385075946 0.2834158741620481
63 3150 0.9485248738058617 0.2771825155366697 0.010165066658543557 0.010165066658543557 0.010610654719748544 0.15034120481606406 0.2557952156871401 0.2771825155366697
64 3200 0.9797780516704342 0.2885949843773396 0.009341941269442948 0.009341941269442948 0.010631691954474205 0.1400892876209229 0.21757955053864625 0.2885949843773396
65 3250 0.8794211656233291 0.3025106628557001 0.00881262982096836 0.00881262982096836 0.009446625445526172 0.1218441980726278 0.2254930167177341 0.3025106628557001
66 3300 0.9188259031131714 0.28801789280592477 0.008099791688026747 0.008099791688026747 0.009955212630958882 0.13311939263501774 0.20648021433429437 0.28801789280592477
67 3350 0.9243206150719647 0.260991661047361 0.007648621286439024 0.007648621286439024 0.01028898001775969 0.13496099792866026 0.1938079601294317 0.260991661047361
68 3400 0.9550537092835876 0.2447964695058365 0.007053672532072493 0.007053672532072493 0.010632891129525241 0.12853896445160437 0.18028822801983682 0.2447964695058365
69 3450 0.8942160055588957 0.24039843384059206 0.007971992179862051 0.007971992179862051 0.008919648513739128 0.12029140055435533 0.19747015278481253 0.24039843384059206
70 3500 0.8057252462566541 0.20835592903054037 0.007517018341670357 0.007517018341670357 0.007958891497146136 0.11058230491581321 0.1862044115181043 0.20835592903054037
71 3550 0.83013443993101 0.2198673127282676 0.006953978278855566 0.006953978278855566 0.007859012240537065 0.108947615478166 0.17069649756492697 0.2198673127282676
72 3600 0.7869952330836265 0.20040644980485073 0.006086792629487384 0.006086792629487384 0.008220317118617043 0.11493893257962481 0.16589212072047022 0.20040644980485073
73 3650 0.8145637529944543 0.2009230201415666 0.00549702871881145 0.00549702871881145 0.006604115987775278 0.10454889231075437 0.16596766995612008 0.2009230201415666
74 3700 0.8487446811881767 0.1909376325955254 0.00497786622922941 0.00497786622922941 0.006705372422743239 0.1063112406870156 0.17592530051261954 0.1909376325955254
75 3750 0.7640962660298568 0.20120233678805444 0.004463765817468005 0.004463765817468005 0.006779626965706522 0.09924021103583133 0.15375648952532078 0.20120233678805444
76 3800 0.7574841374379498 0.17096890530311293 0.0038711957619849357 0.0038711957619849357 0.006582626767179359 0.09148213178515233 0.13217787436488032 0.17096890530311293
77 3850 0.7526386737365922 0.17476913451916545 0.003373355715456986 0.003373355715456986 0.007119852519378077 0.09377702081568776 0.11679390766629719 0.17476913451916545
78 3900 0.656127263231925 0.18208988446813668 0.002973666991926188 0.002973666991926188 0.006090908167692763 0.09395302621930798 0.10863789723319246 0.18208988446813668
79 3950 0.6278605903114346 0.17390012041083658 0.0027520482434282307 0.0027520482434282307 0.005886846248714368 0.0908143631196925 0.1008016603475259 0.17390012041083658
80 4000 0.5980120297801925 0.1615427784792208 0.0024889732919499414 0.0024889732919499414 0.005396469963197806 0.09163255348548287 0.10561246194449063 0.1615427784792208
81 4050 0.5471873600607172 0.16832267672044196 0.0021448395566476554 0.0021448395566476554 0.004980138078259968 0.09182713668131554 0.11673101328705288 0.16832267672044196
82 4100 0.5318767505309312 0.15048049909038747 0.0017857189099085243 0.0017857189099085243 0.004801573250944537 0.08122961948829409 0.11841388613343341 0.15048049909038747
83 4150 0.6013138947042065 0.13734026736650218 0.0017466998017368499 0.0017466998017368499 0.005101355592055739 0.06987137488762828 0.11411723750934541 0.13734026736650218
84 4200 0.6368234787301628 0.16088141969803216 0.001464412703322437 0.001464412703322437 0.004622986266985051 0.06141064022017009 0.11001926495307389 0.16088141969803216
85 4250 0.6586387946388883 0.1760706008243403 0.0012964182649540356 0.0012964182649540356 0.0042587272696686254 0.05823485153740947 0.10285716637363637 0.1760706008243403
86 4300 0.7109955263798977 0.18890805088518345 0.00112531426793855 0.00112531426793855 0.003925045703846789 0.05682070798010932 0.10411482041148265 0.18890805088518345
87 4350 0.7502134561512562 0.20742298149981028 0.0010231063234570118 0.0010231063234570118 0.0038509546375070465 0.05179307890946926 0.10280388998822766 0.20742298149981028
88 4400 0.6857874511693408 0.2071457377719483 0.0009015936236770516 0.0009015936236770516 0.0035677231102491814 0.056596044322848885 0.10074547013683302 0.2071457377719483
89 4450 0.7490791975861358 0.18133059573922833 0.0007729206319404673 0.0007729206319404673 0.0033114552929969475 0.052909898696692007 0.09308206993415094 0.18133059573922833
90 4500 0.7568240000907717 0.16805851908755665 0.0006948580685827702 0.0006948580685827702 0.00282226976821466 0.053426496612009496 0.09099060543045455 0.16805851908755665
91 4550 0.795038728346848 0.1481359784573706 0.000552443759410149 0.000552443759410149 0.0026426877992377 0.06051384915346123 0.08920599754113227 0.1481359784573706
92 4600 0.6405799855749953 0.13591525798646814 0.0004280750234875371 0.0004280750234875371 0.002383985958012083 0.06952200624557872 0.08194388879969491 0.13591525798646814
93 4650 0.5723156145024018 0.12064360254568028 0.00038751901488842693 0.00038751901488842693 0.0021425925119608444 0.06132318923009042 0.07718845151513108 0.12064360254568028
94 4700 0.6621760622884432 0.11916783843566747 0.0003670172939424716 0.0003670172939424716 0.0020579095859200314 0.05364462983570464 0.0708346273823286 0.11916783843566747
95 4750 0.6407094358179218 0.12082976069523793 0.0003254770593694132 0.0003254770593694132 0.0019399223338886276 0.05321189255186292 0.06517779442585403 0.12082976069523793
96 4800 0.5798660035278085 0.11098152954637486 0.00033961110228134417 0.00033961110228134417 0.0017457217059697258 0.04641611132289303 0.06000435701296024 0.11098152954637486
97 4850 0.5128666872508549 0.10919154461947997 0.00028543341535866855 0.00028543341535866855 0.001693506884846489 0.04306894302528687 0.05743633394424623 0.10919154461947997
98 4900 0.4372247692865717 0.10242713471254454 0.0002659223487263245 0.0002659223487263245 0.0016827021509844015 0.04343157185496339 0.05177503661903176 0.10242713471254454
99 4950 0.4390217579824871 0.10176896541413634 0.0002374547521380414 0.0002374547521380414 0.0015954790969812294 0.04034040076104616 0.04927435824226707 0.10176896541413634
100 5000 0.41014447816971944 0.08170519600212156 0.00021804007677328054 0.00021804007677328054 0.0015816219769356897 0.040078483316490124 0.04996138139397844 0.08170519600212156
101 5050 0.4402825290869726 0.07630282841299899 0.00019602080325226915 0.00019602080325226915 0.0015793822058120025 0.03615672620745711 0.04705631864244501 0.07630282841299899
102 5100 0.4517403628603993 0.07567815528431586 0.00017818693304652748 0.00017818693304652748 0.0014232655929909952 0.03188672809337542 0.05183548498058986 0.07567815528431586
103 5150 0.4119624177788643 0.07451578150130944 0.00017294043472292547 0.00017294043472292547 0.0013346742223921987 0.030576528640035024 0.04197336413473568 0.07451578150130944
104 5200 0.40762615016994824 0.06985186185634366 0.00015624515232402563 0.00015624515232402563 0.0012295532219544717 0.02953109081940369 0.03248262614416353 0.06985186185634366
