% # columns="iteration, evaluation, sigma, axis ratio, bestever, best, median, worst objective function value, further objective values of best", seed=5, Thu Jan 21 14:16:04 2021, <python>{}</python>
1 50 2.0610965982321576 1.0000400008000108 -27.5 -2.7500000000000000e+01 -3.0 -0.0   
2 100 2.010124512395145 1.4313792435459491 -28.0 -2.8000000000000000e+01 -4.0 -0.0   
3 150 1.7581682862903503 2.1852467359197036 -33.5 -3.3500000000000000e+01 -9.5 -0.0   
4 200 1.9270155846624781 2.7511942414417843 -33.5 -3.3000000000000000e+01 -13.5 -1.0   
5 250 1.7597214306030289 3.5261554411606726 -33.5 -2.9000000000000000e+01 -18.0 -3.0   
6 300 1.6184694000703788 3.9726091053701538 -33.5 -3.3000000000000000e+01 -17.0 -0.5   
7 350 1.9344893828962002 4.7673416238362 -33.5 -3.3500000000000000e+01 -19.0 -2.0   
8 400 1.8247510392872763 6.051149930437792 -36.0 -3.6000000000000000e+01 -18.0 -1.0   
9 450 1.5778785772822737 7.449646010701879 -37.0 -3.7000000000000000e+01 -20.0 -0.0   
10 500 1.4574723414160344 8.01689552651605 -37.5 -3.7500000000000000e+01 -23.0 -2.0   
11 550 1.4378537702799172 8.166004002036653 -37.5 -3.4000000000000000e+01 -24.5 -3.0   
12 600 1.3026405212112702 8.623635666421215 -37.5 -3.5500000000000000e+01 -26.0 -3.0   
13 650 1.372446285425488 9.572595188984353 -37.5 -3.6500000000000000e+01 -27.0 -4.0   
14 700 1.4034714441982568 9.37691635091461 -39.0 -3.9000000000000000e+01 -26.5 -5.0   
15 750 1.3307538294157915 10.092411248380225 -39.5 -3.9500000000000000e+01 -27.5 -6.0   
16 800 1.4451494766944801 10.84520062908581 -39.5 -3.7000000000000000e+01 -27.5 -2.0   
17 850 1.3464525113912138 11.796024876281026 -39.5 -3.9500000000000000e+01 -27.5 -4.0   
18 900 1.159475044619437 12.587943161606166 -39.5 -3.7500000000000000e+01 -28.0 -5.0   
19 950 1.024848440792767 15.801701863876193 -39.5 -3.6000000000000000e+01 -29.5 -2.0   
20 1000 0.9442481612866236 15.822133336283121 -39.5 -3.7000000000000000e+01 -29.5 -4.0   
21 1050 0.9061658057912108 21.144208196596598 -39.5 -3.7000000000000000e+01 -28.0 -2.0   
22 1100 0.9045081607123827 19.809629660265628 -39.5 -3.8000000000000000e+01 -29.0 -3.0   
23 1150 0.9122893070121831 24.358462161134273 -39.5 -3.7000000000000000e+01 -30.0 -4.0   
24 1200 1.018558641487894 28.223285655277188 -39.5 -3.8000000000000000e+01 -28.5 -3.0   
25 1250 1.1408773797433234 31.163620458759798 -39.5 -3.9000000000000000e+01 -31.0 -2.0   
26 1300 1.1676670042657824 31.135483129858603 -39.5 -3.7500000000000000e+01 -29.0 -6.0   
27 1350 1.2250564579658882 35.56610217323695 -39.5 -3.8000000000000000e+01 -30.5 -5.0   
28 1400 1.208686773720794 31.351086797183022 -39.5 -3.7000000000000000e+01 -30.0 -3.0   
29 1450 1.31486728121026 32.875687730724096 -39.5 -3.9500000000000000e+01 -31.0 -1.0   
30 1500 1.4282008856907 30.60420091899733 -39.5 -3.9000000000000000e+01 -30.0 -3.0   
31 1550 1.2619498168658978 27.675227664653466 -40.0 -4.0000000000000000e+01 -32.0 -9.0   
32 1600 1.1555841880730167 26.299620896846122 -41.0 -4.1000000000000000e+01 -33.5 -4.0   
33 1650 1.189606224219154 25.281419723138615 -41.0 -4.0500000000000000e+01 -33.0 -26.0   
34 1700 1.1111600180936072 24.7991147728112 -41.0 -4.1000000000000000e+01 -33.0 -26.0   
35 1750 1.0423115995120151 22.664824544511834 -42.0 -4.2000000000000000e+01 -34.0 -28.0   
36 1800 1.0375239312227251 22.565874617965765 -43.0 -4.3000000000000000e+01 -34.0 -27.0   
37 1850 0.9676500637791071 20.07083074705041 -43.0 -4.2000000000000000e+01 -34.0 -28.0   
38 1900 0.8588399354204806 20.565056379821716 -43.0 -4.0500000000000000e+01 -35.5 -28.0   
39 1950 0.9597750305674151 20.0297321225929 -44.0 -4.4000000000000000e+01 -34.5 -27.0   
40 2000 1.0804028419643479 19.525349368949513 -44.0 -3.9500000000000000e+01 -35.0 -28.5   
41 2050 1.0285027330224252 22.20396033076317 -44.0 -4.1000000000000000e+01 -35.0 -28.5   
42 2100 0.9345483569577424 22.508064065618154 -44.0 -4.0000000000000000e+01 -33.5 -12.5   
43 2150 0.8533416696749302 21.46317050684134 -44.0 -4.0000000000000000e+01 -33.0 -27.0   
44 2200 0.8316530525001533 19.184928208265617 -44.0 -4.2000000000000000e+01 -35.5 -29.0   
45 2250 0.782671795724227 21.044475130417204 -44.0 -4.1000000000000000e+01 -34.0 -27.0   
46 2300 0.7388801015704323 20.713193661316154 -44.0 -4.1500000000000000e+01 -34.5 -29.5   
47 2350 0.7827603694110824 19.658307991390334 -44.0 -4.1500000000000000e+01 -35.0 -27.0   
48 2400 0.8380021985528988 18.952186160966033 -44.0 -4.1000000000000000e+01 -35.0 -29.0   
49 2450 0.8936885344687443 19.931178965102472 -44.0 -3.9500000000000000e+01 -34.5 -28.0   
50 2500 1.0125543460453745 19.124999787733504 -44.0 -4.2000000000000000e+01 -34.5 -29.5   
51 2550 0.9975278142199638 20.886630918682588 -44.0 -4.1000000000000000e+01 -34.5 -27.5   
52 2600 1.0117651352586792 20.478991708095403 -44.0 -4.1500000000000000e+01 -34.5 -28.0   
53 2650 0.9224205981281768 19.22736815198376 -44.0 -4.0000000000000000e+01 -35.0 -28.0   
54 2700 0.8102287118048005 20.715229404340676 -44.0 -4.1000000000000000e+01 -35.0 -29.5   
55 2750 0.7455972272861339 22.707636525484784 -44.0 -4.1500000000000000e+01 -34.5 -29.0   
56 2800 0.6514197155188647 22.70258994610568 -44.0 -4.3000000000000000e+01 -35.5 -29.5   
57 2850 0.646078159783391 24.254965202025907 -44.0 -4.0500000000000000e+01 -36.0 -28.0   
58 2900 0.6826444320116806 24.16211743063841 -44.0 -4.3500000000000000e+01 -35.5 -28.0   
59 2950 0.7442612783469607 28.293949657331424 -44.0 -4.3000000000000000e+01 -36.0 -30.0   
60 3000 0.7222815336761099 28.96715099747367 -44.0 -4.2000000000000000e+01 -36.0 -30.0   
61 3050 0.8608223108850477 29.74275109690565 -44.0 -4.2000000000000000e+01 -35.5 -30.0   
62 3100 1.0413731956441041 27.206311741535355 -44.0 -4.4000000000000000e+01 -36.0 -28.0   
63 3150 0.9485248738058617 27.268145389258493 -44.0 -4.1000000000000000e+01 -35.0 -29.0   
64 3200 0.9797780516704342 30.89239977576398 -44.0 -4.2000000000000000e+01 -36.5 -28.0   
65 3250 0.8794211656233291 34.32694541825873 -44.0 -4.0000000000000000e+01 -35.0 -28.0   
66 3300 0.9188259031131714 35.55867902524923 -44.0 -4.4000000000000000e+01 -36.5 -27.0   
67 3350 0.9243206150719647 34.122706730178706 -44.0 -4.1000000000000000e+01 -36.0 -27.0   
68 3400 0.9550537092835876 34.70482481186449 -44.0 -4.1500000000000000e+01 -36.0 -28.0   
69 3450 0.8942160055588957 30.15537752882642 -44.0 -4.2000000000000000e+01 -36.0 -28.5   
70 3500 0.8057252462566541 27.717895521888746 -44.0 -4.1500000000000000e+01 -37.0 -28.5   
71 3550 0.83013443993101 31.617486266357986 -44.0 -4.3000000000000000e+01 -35.0 -27.5   
72 3600 0.7869952330836265 32.92480325910635 -44.0 -4.2500000000000000e+01 -37.5 -29.0   
73 3650 0.8145637529944543 36.55120437227942 -44.0 -4.3000000000000000e+01 -37.5 -28.0   
74 3700 0.8487446811881767 38.35732496674246 -44.0 -4.3500000000000000e+01 -37.0 -29.0   
75 3750 0.7640962660298568 45.07457268494946 -44.0 -4.2000000000000000e+01 -37.0 -28.0   
76 3800 0.7574841374379498 44.16436569341807 -44.0 -4.2000000000000000e+01 -37.0 -27.0   
77 3850 0.7526386737365922 51.80868822056307 -44.0 -4.3000000000000000e+01 -37.0 -28.0   
78 3900 0.656127263231925 61.234121023816535 -44.0 -4.2000000000000000e+01 -37.0 -29.0   
79 3950 0.6278605903114346 63.18934300156342 -44.0 -4.2000000000000000e+01 -37.0 -28.0   
80 4000 0.5980120297801925 64.90337963918569 -44.0 -4.2500000000000000e+01 -38.0 -28.0   
81 4050 0.5471873600607172 78.47798041524709 -44.0 -4.2500000000000000e+01 -38.0 -29.0   
82 4100 0.5318767505309312 84.26886127229062 -44.0 -4.2000000000000000e+01 -39.0 -30.0   
83 4150 0.6013138947042065 78.62843244725647 -44.0 -4.2500000000000000e+01 -39.0 -29.0   
84 4200 0.6368234787301628 109.8607102581307 -44.0 -4.2500000000000000e+01 -38.0 -28.5   
85 4250 0.6586387946388883 135.81311339406568 -44.0 -4.2500000000000000e+01 -37.5 -29.0   
86 4300 0.7109955263798977 167.87137270661458 -44.0 -4.2500000000000000e+01 -38.0 -31.0   
87 4350 0.7502134561512562 202.73844149349122 -44.0 -4.2500000000000000e+01 -39.5 -32.5   
88 4400 0.6857874511693408 229.755105107251 -44.0 -4.2000000000000000e+01 -40.0 -31.5   
89 4450 0.7490791975861358 234.60441893495084 -44.0 -4.3000000000000000e+01 -41.0 -35.5   
90 4500 0.7568240000907717 241.86021100730417 -44.0 -4.2000000000000000e+01 -41.0 -32.0   
91 4550 0.795038728346848 268.1467134600944 -44.0 -4.2500000000000000e+01 -41.0 -32.5   
92 4600 0.6405799855749953 317.50335929240487 -44.0 -4.3000000000000000e+01 -41.5 -33.0   
93 4650 0.5723156145024018 311.32305231632455 -44.0 -4.3000000000000000e+01 -42.0 -36.0   
94 4700 0.6621760622884432 324.6927063179386 -44.0 -4.3000000000000000e+01 -42.0 -37.0   
95 4750 0.6407094358179218 371.2389466997653 -44.0 -4.3000000000000000e+01 -42.0 -36.0   
96 4800 0.5798660035278085 326.7900513288708 -44.0 -4.3000000000000000e+01 -42.0 -35.0   
97 4850 0.5128666872508549 382.54646703600764 -44.0 -4.3000000000000000e+01 -42.0 -36.0   
98 4900 0.4372247692865717 385.17685784265547 -44.0 -4.3000000000000000e+01 -42.0 -36.0   
99 4950 0.4390217579824871 428.58255940472486 -44.0 -4.3000000000000000e+01 -42.0 -41.5   
100 5000 0.41014447816971944 374.72558811781715 -44.0 -4.3000000000000000e+01 -42.0 -42.0   
101 5050 0.4402825290869726 389.25882940496365 -44.0 -4.3000000000000000e+01 -42.0 -41.5   
102 5100 0.4517403628603993 424.712149148193 -44.0 -4.3000000000000000e+01 -42.0 -41.5   
103 5150 0.4119624177788643 430.87541453619014 -44.0 -4.3000000000000000e+01 -42.5 -42.0   
104 5200 0.40762615016994824 447.0657861530506 -44.0 -4.3000000000000000e+01 -42.5 -42.0   
