% # columns="iter, evals, sigma, 0, fitness, xbest" seed=5, Thu Jan 21 14:16:04 2021, <python>{}</python>
1 50 2.0610965982321576 0 -27.5 0.39581157462616157 5.263173569802351 0.3983262225117491 3.3374517037111517 9.596071237888738
2 100 2.010124512395145 0 -28.0 0.9964031001031748 5.183004716342003 0.13657722412233586 2.2195182368072723 7.25021644419438
3 150 1.7581682862903503 0 -33.5 0.8449457222045087 5.226977607592195 3.5027218564459446 0.001184531339659531 6.415572784479611
4 200 1.9270155846624781 0 -33.0 0.42964710626990354 4.808690807175019 0.7464111507535898 0.6376079258802528 7.8832368892673506
5 250 1.7597214306030289 0 -29.0 1.213867852858064 5.173851224965627 2.236220748860184 1.256885584133028 9.908458807398679
6 300 1.6184694000703788 0 -33.0 0.5031065230629916 4.763234350818579 3.8907368842248156 2.2176974022198817 9.99922705299446
7 350 1.9344893828962002 0 -33.5 0.275904677898392 4.7245442185877184 0.6555654572384841 1.283968905011617 7.909501752444987
8 400 1.8247510392872763 0 -36.0 0.8721515797146793 5.153478442306598 1.5136105763039416 0.17325842632002308 8.279088820006509
9 450 1.5778785772822737 0 -37.0 0.33757840602524897 4.895374076113984 1.237365714845621 1.376016370940014 9.084884580007666
10 500 1.4574723414160344 0 -37.5 0.8657837320842705 4.866328461184689 1.3726892924296883 1.519993589929622 7.548630399000095
11 550 1.4378537702799172 0 -34.0 0.5826385157570086 5.190247528190707 0.29743960872886 1.763544814414176 9.552310874756289
12 600 1.3026405212112702 0 -35.5 0.6222849210339017 4.895693583761918 3.499052960564042 0.6921358080528673 9.996555251957155
13 650 1.372446285425488 0 -36.5 0.5415249822548407 5.110117908861522 1.2125414805327153 2.217629429733475 9.709278975071316
14 700 1.4034714441982568 0 -39.0 0.6290780612932159 4.883298666414388 1.4422139393456206 0.9360417172802147 9.844361017522004
15 750 1.3307538294157915 0 -39.5 0.4365747037290738 5.116884277392428 1.6055654573426796 1.1169857359833164 9.79140166081139
16 800 1.4451494766944801 0 -37.0 0.5516623013819656 4.893314236420498 0.5632914199565695 0.7594124009615444 9.729653185612559
17 850 1.3464525113912138 0 -39.5 0.6471590526055631 4.874732166298244 0.9988357088678235 0.6664471474823694 9.782241625189673
18 900 1.159475044619437 0 -37.5 0.5272281181051985 5.121219891211587 2.400537498496806 1.9167911440542915 9.204926109772314
19 950 1.024848440792767 0 -36.0 0.39218248167482406 5.137848528440114 2.75103559553364 1.452306865506882 9.608426344857218
20 1000 0.9442481612866236 0 -37.0 0.6281576625778323 4.902204022138053 1.3581420579399073 0.5183064745730414 9.631682777011871
21 1050 0.9061658057912108 0 -37.0 0.5896957188424136 5.101690357608268 1.7405734490230627 0.7100469523512295 9.99933147279333
22 1100 0.9045081607123827 0 -38.0 0.5649452300716494 4.893399709992706 1.841183913064095 0.8276501128459687 9.57822067207976
23 1150 0.9122893070121831 0 -37.0 0.6202353559197948 5.128910407948716 1.8813147404149644 0.8053368248768176 9.839781742555981
24 1200 1.018558641487894 0 -38.0 0.521957133977493 5.161229411174099 2.1487577068987047 1.1813420069107439 9.693597034332809
25 1250 1.1408773797433234 0 -39.0 0.45552838192159173 5.262730140524532 3.623757799613162 0.690724267792409 9.107883675784413
26 1300 1.1676670042657824 0 -37.5 0.397167878405421 5.19830997094898 4.026038162498041 0.887080040857237 8.883639800801252
27 1350 1.2250564579658882 0 -38.0 0.49275564811747286 5.118446064246156 2.1997635898090673 0.36574126768888376 9.895267802605135
28 1400 1.208686773720794 0 -37.0 0.4447782734325112 5.252189143355873 3.596780658791868 0.1048941164557361 9.077582809034242
29 1450 1.31486728121026 0 -39.5 0.47629349903234885 5.20983105728177 3.2026435460709086 0.5312425384609376 8.900356848083025
30 1500 1.4282008856907 0 -39.0 0.6790159189113028 5.112026632842096 0.9957177148308669 1.0432150127425004 9.962711466954861
31 1550 1.2619498168658978 0 -40.0 0.46709752482056177 5.105097816190094 1.735407908537176 0.6957979699659911 9.999281203364744
32 1600 1.1555841880730167 0 -41.0 0.46824652967693126 5.1928526446340255 2.907943029359565 0.0800418026272699 9.686307600934315
33 1650 1.189606224219154 0 -40.5 0.460058030208082 5.14728164020807 1.8912648722714311 0.8087392809255094 9.933423506497022
34 1700 1.1111600180936072 0 -41.0 0.47839766710309883 5.170809640412968 2.7684484599116708 0.543492474769552 9.768083648039775
35 1750 1.0423115995120151 0 -42.0 0.46783850728536314 5.193399721728137 2.9953929797008105 0.6843619573767251 9.707078982080368
36 1800 1.0375239312227251 0 -43.0 0.4730466398237694 5.115359364629156 2.49016473113095 0.6305493245819963 9.769153644596116
37 1850 0.9676500637791071 0 -42.0 0.5185033161150328 5.115323433925987 2.009707361888636 0.6870915625817084 9.978308980359433
38 1900 0.8588399354204806 0 -40.5 0.5304650911651563 5.113081919909046 2.013112600599269 0.8292189366542055 9.953221417536069
39 1950 0.9597750305674151 0 -44.0 0.4509814516130808 5.125172058223537 2.2365307577471745 0.5525644356091226 9.805194527864787
40 2000 1.0804028419643479 0 -39.5 0.43513412125171824 5.100601738288119 1.9211611004847087 0.23525500749554706 9.96917978944864
41 2050 1.0285027330224252 0 -41.0 0.445460972968565 5.159897138803113 2.2931976473132285 0.8458529373116963 9.487936862725093
42 2100 0.9345483569577424 0 -40.0 0.4670713375225206 5.141245310233465 2.351263414672701 0.5780113139866199 9.581823452904537
43 2150 0.8533416696749302 0 -40.0 0.471065208630588 5.152170930737169 2.0221356800379953 0.5543481794043993 9.716500301214653
44 2200 0.8316530525001533 0 -42.0 0.4789708923993198 5.120631525105067 1.9017980523659341 0.5730116580787592 9.906243853512724
45 2250 0.782671795724227 0 -41.0 0.4733311731277169 5.106869935416357 1.958973909311322 0.6026902787370647 9.739332303630048
46 2300 0.7388801015704323 0 -41.5 0.49835549725142725 5.11438787917133 1.973302412805805 0.6210049262717029 9.945527732691255
47 2350 0.7827603694110824 0 -41.5 0.46732313257764124 5.116382413234562 1.8961873529048234 0.6721614944552579 9.841971684068511
48 2400 0.8380021985528988 0 -41.0 0.47858185971975586 5.1188513765988874 1.9106386038975816 0.6209379956343459 9.886111678455183
49 2450 0.8936885344687443 0 -39.5 0.4288916262080469 5.128225264934183 1.8483078665812218 0.267401858594103 9.924472926178726
50 2500 1.0125543460453745 0 -42.0 0.4479167238148988 5.122072174633437 1.9508596780987375 0.17204487093966514 9.996072262678698
51 2550 0.9975278142199638 0 -41.0 0.47261083826012396 5.10707197065744 2.0548553270534753 0.5890014731982167 9.943454875306362
52 2600 1.0117651352586792 0 -41.5 0.44788420647834126 5.126780868535787 2.0012653720218694 0.54711139406092 9.88004706490935
53 2650 0.9224205981281768 0 -40.0 0.46930523978312266 5.140400482006763 1.9407685985509853 0.7400304565059195 9.931728770839792
54 2700 0.8102287118048005 0 -41.0 0.4411636817566247 5.118465255481742 2.050185931465539 0.8144290765540456 9.913049768866664
55 2750 0.7455972272861339 0 -41.5 0.44122227764441846 5.119203079673887 2.0148239900863048 0.7791519360464215 9.955679272181031
56 2800 0.6514197155188647 0 -43.0 0.4510635579864417 5.148555896240608 2.1613291735378652 0.39051225645299215 9.90376172133969
57 2850 0.646078159783391 0 -40.5 0.46009672446148964 5.123515471563634 2.0553973899364393 0.43141453265240937 9.841481563349834
58 2900 0.6826444320116806 0 -43.5 0.4510771265420114 5.133805479252753 2.2239291541796384 0.42031823318469763 9.82104512928353
59 2950 0.7442612783469607 0 -43.0 0.4510153577246693 5.122317495605932 2.0182093703677224 0.6014260602478053 9.977521347885991
60 3000 0.7222815336761099 0 -42.0 0.4732987238338736 5.114592838685306 2.060838414814547 0.44752033485523823 9.975508238135381
61 3050 0.8608223108850477 0 -42.0 0.4809870020103363 5.136801858753873 1.9982191014934012 0.3778272572799678 9.995151032216556
62 3100 1.0413731956441041 0 -44.0 0.45100760233315884 5.137432150699898 2.1792245452111034 0.6945954181634835 9.949721633586412
63 3150 0.9485248738058617 0 -41.0 0.4710577283328172 5.123012740672457 1.8886290743563812 0.6046828864814108 9.95382593819771
64 3200 0.9797780516704342 0 -42.0 0.4811412333557893 5.124749405455612 2.0801173747343573 0.30320076983006466 9.996993149835934
65 3250 0.8794211656233291 0 -40.0 0.47212526311262526 5.144445793580751 2.189016962392505 0.13640491469579197 9.995609468837488
66 3300 0.9188259031131714 0 -44.0 0.480881066264662 5.1205294265206405 2.2405711580666674 0.6386292930629209 9.989513012977607
67 3350 0.9243206150719647 0 -41.0 0.471194683647017 5.121292444061038 2.1038603546936083 0.5592010418683794 9.992108677989743
68 3400 0.9550537092835876 0 -41.5 0.45557149751721615 5.131097835416474 2.188439792565006 0.04623870630047943 9.965631788722153
69 3450 0.8942160055588957 0 -42.0 0.46772189863544 5.111632700127717 2.0840731905018446 0.689668960308186 9.949360185055847
70 3500 0.8057252462566541 0 -41.5 0.4678913712529411 5.110538878715884 2.143255066480286 0.5486384750296011 9.94622878369089
71 3550 0.83013443993101 0 -43.0 0.4807913511682159 5.108900553284667 2.059238662256751 0.576249924443765 9.896047616196512
72 3600 0.7869952330836265 0 -42.5 0.4731420610585918 5.118951975745221 2.2872607036155 0.31899112630908594 9.895764456201304
73 3650 0.8145637529944543 0 -43.0 0.4807240720191853 5.112056155622401 1.9958584960149004 0.4879324685998575 9.95553246419618
74 3700 0.8487446811881767 0 -43.5 0.4809171601573199 5.124461735909691 2.1954915385843226 0.1709635738591439 9.966927435108225
75 3750 0.7640962660298568 0 -42.0 0.4730935566877047 5.122388331593561 2.031778941233249 0.4130639469479279 9.973218434589423
76 3800 0.7574841374379498 0 -42.0 0.4729440587721343 5.121384195056734 2.171405368931505 0.3431344334116557 9.967743242709467
77 3850 0.7526386737365922 0 -43.0 0.47339926886267525 5.118991118833955 2.2371988978398862 0.40579440783890486 9.953298861312037
78 3900 0.656127263231925 0 -42.0 0.4732190543471013 5.115968389839949 2.1963459939708474 0.4516654748094705 9.943371387685431
79 3950 0.6278605903114346 0 -42.0 0.4726623568949384 5.116434162326457 2.157939122244782 0.4395106957243189 9.927893150157598
80 4000 0.5980120297801925 0 -42.5 0.4726331191599209 5.1174748543565585 2.1876242861193873 0.4576719567344034 9.936598927713813
81 4050 0.5471873600607172 0 -42.5 0.4730011742376512 5.116793078660746 2.1910928642234264 0.5029473231543677 9.92755917047397
82 4100 0.5318767505309312 0 -42.0 0.4731689181068227 5.118338529153518 2.1435718007045512 0.4513441813862228 9.942899977224434
83 4150 0.6013138947042065 0 -42.5 0.472889839866802 5.118526943434656 2.1110421629325375 0.4164651594521802 9.955207459370833
84 4200 0.6368234787301628 0 -42.5 0.47340903649174204 5.1156957559403615 2.134096463820137 0.522385985381518 9.91836005578709
85 4250 0.6586387946388883 0 -42.5 0.473066588582607 5.115703986773124 2.1545589127232634 0.4713477345718028 9.923219756905537
86 4300 0.7109955263798977 0 -42.5 0.4730207810962308 5.1143616432327255 2.1705877375144844 0.5037624247422119 9.909690277115809
87 4350 0.7502134561512562 0 -42.5 0.4729983334463326 5.111773417686102 2.164953251332281 0.5403140646223276 9.841064773894345
88 4400 0.6857874511693408 0 -42.0 0.4728343971035458 5.111339453303438 2.1960237414472137 0.5720097033020592 9.899246623251269
89 4450 0.7490791975861358 0 -43.0 0.4729064370614985 5.111977453357898 2.1704727436984093 0.5453445115498802 9.87757002173505
90 4500 0.7568240000907717 0 -42.0 0.4728748749941101 5.113514817208326 2.1028847674245443 0.4981214945476079 9.893195274008134
91 4550 0.795038728346848 0 -42.5 0.47319258366944095 5.11041873203616 2.114462466506107 0.5024996115534657 9.83172624778834
92 4600 0.6405799855749953 0 -43.0 0.4730188010287413 5.112205644012689 2.162740863848002 0.48372761028102085 9.885637083199988
93 4650 0.5723156145024018 0 -43.0 0.47284695515641806 5.115166461933661 2.1457301084517315 0.45697191109333435 9.939745275527512
94 4700 0.6621760622884432 0 -43.0 0.47261309508427285 5.1144894366577285 2.173626772498791 0.4557281695342169 9.927575818617264
95 4750 0.6407094358179218 0 -43.0 0.47311682635448293 5.111828862135756 2.1445795717888503 0.4740897994269285 9.891587745105756
96 4800 0.5798660035278085 0 -43.0 0.472898719893473 5.114586931268723 2.15733376930363 0.48448852395849973 9.899090776467318
97 4850 0.5128666872508549 0 -43.0 0.4731006248962576 5.113944754999246 2.1100677279559448 0.4735163513784959 9.908544914611781
98 4900 0.4372247692865717 0 -43.0 0.47310413153949815 5.112016472368524 2.1427826424393217 0.5119497904391636 9.875058149675818
99 4950 0.4390217579824871 0 -43.0 0.47291491821606835 5.1148106578287 2.160263231973813 0.5035984971311513 9.915264784631022
100 5000 0.41014447816971944 0 -43.0 0.47284482111492876 5.115097195073528 2.146474909324265 0.4498112513987308 9.917815828993486
101 5050 0.4402825290869726 0 -43.0 0.4729341851931752 5.115243518158748 2.1409876218265302 0.45569231350071626 9.935214520761749
102 5100 0.4517403628603993 0 -43.0 0.472817779748246 5.114551047987469 2.1594360544316547 0.458459410111977 9.92106321867123
103 5150 0.4119624177788643 0 -43.0 0.4730242965070982 5.114202554583318 2.137742300016035 0.47287890783058106 9.909452410352298
104 5200 0.40762615016994824 0 -43.0 0.4729026341586735 5.115670066744429 2.1444650708013975 0.43751254524083893 9.912262836232422
