3.931555e-01, 2.009876e-03, -2.911234e-02, -6.560732e-03, 2.009876e-03, 1.116422e+00, -3.859566e-02, 1.187929e-02, -2.911234e-02, -3.859566e-02, 9.063517e-01, 4.475786e-03, -6.560732e-03, 1.187929e-02, 4.475786e-03, 7.920274e-01
1.687374e-01, 5.111683e-02, -1.861298e-02, -4.535277e-02, 5.111683e-02, 1.029795e+00, -2.210366e-02, 4.694858e-02, -1.861298e-02, -2.210366e-02, 6.770746e-01, 2.115417e-02, -4.535277e-02, 4.694858e-02, 2.115417e-02, 8.839100e-01
8.795692e-02, 5.642235e-02, -4.608372e-03, -6.517006e-03, 5.642235e-02, 9.653424e-01, -8.611925e-03, 1.835388e-01, -4.608372e-03, -8.611925e-03, 6.668495e-01, -3.066499e-04, -6.517006e-03, 1.835388e-01, -3.066499e-04, 7.180053e-01
4.249226e-02, 4.015167e-02, -1.902975e-02, 7.913252e-03, 4.015167e-02, 8.319153e-01, -4.403417e-02, 2.600883e-01, -1.902975e-02, -4.403417e-02, 5.410995e-01, -1.041809e-01, 7.913252e-03, 2.600883e-01, -1.041809e-01, 7.557079e-01
2.370432e-02, 1.887222e-02, 1.340198e-03, -8.872196e-03, 1.887222e-02, 6.625196e-01, 2.127649e-02, 2.878164e-01, 1.340198e-03, 2.127649e-02, 4.005359e-01, -6.863399e-03, -8.872196e-03, 2.878164e-01, -6.863399e-03, 7.814544e-01
1.498875e-02, -3.537229e-03, -3.215706e-03, -7.743104e-03, -3.537229e-03, 4.694291e-01, 4.328489e-02, 2.332762e-01, -3.215706e-03, 4.328489e-02, 3.529058e-01, 6.911659e-02, -7.743104e-03, 2.332762e-01, 6.911659e-02, 6.887132e-01
1.127763e-02, -1.985307e-04, 2.250524e-03, -5.150618e-03, -1.985307e-04, 3.202301e-01, 2.873135e-02, 1.118845e-01, 2.250524e-03, 2.873135e-02, 2.535308e-01, -2.177541e-03, -5.150618e-03, 1.118845e-01, -2.177541e-03, 5.076249e-01
8.092875e-03, 1.555215e-04, 1.129393e-02, -5.482047e-03, 1.555215e-04, 2.250704e-01, 9.174656e-03, 9.231325e-02, 1.129393e-02, 9.174656e-03, 2.387782e-01, 4.970085e-03, -5.482047e-03, 9.231325e-02, 4.970085e-03, 4.125328e-01
6.440594e-03, -1.008389e-03, 5.029318e-03, -1.046705e-03, -1.008389e-03, 1.782021e-01, 1.281988e-02, 5.124591e-02, 5.029318e-03, 1.281988e-02, 1.713038e-01, -1.100502e-02, -1.046705e-03, 5.124591e-02, -1.100502e-02, 3.005401e-01
5.738502e-03, -4.169406e-03, 5.304466e-03, -1.858172e-03, -4.169406e-03, 1.489062e-01, -4.525909e-04, 4.578166e-02, 5.304466e-03, -4.525909e-04, 1.126283e-01, -2.729221e-02, -1.858172e-03, 4.578166e-02, -2.729221e-02, 2.604454e-01
5.059973e-03, -4.279367e-03, 4.518525e-03, 7.387187e-04, -4.279367e-03, 8.586438e-02, 1.507947e-03, 2.157666e-02, 4.518525e-03, 1.507947e-03, 1.422957e-01, -4.260921e-02, 7.387187e-04, 2.157666e-02, -4.260921e-02, 2.118246e-01
4.682855e-03, -2.510820e-03, -2.276332e-04, 2.902011e-03, -2.510820e-03, 5.912799e-02, -6.166663e-03, 2.462071e-02, -2.276332e-04, -6.166663e-03, 1.441334e-01, -4.418965e-02, 2.902011e-03, 2.462071e-02, -4.418965e-02, 1.908256e-01
4.864072e-03, -5.102794e-03, 7.497804e-03, -5.015866e-03, -5.102794e-03, 6.243663e-02, -1.980973e-02, 4.641816e-02, 7.497804e-03, -1.980973e-02, 1.679742e-01, -9.330416e-02, -5.015866e-03, 4.641816e-02, -9.330416e-02, 1.869292e-01
4.232415e-03, -3.901304e-03, 5.393132e-03, -4.654235e-03, -3.901304e-03, 4.797328e-02, -3.323279e-02, 5.384538e-02, 5.393132e-03, -3.323279e-02, 1.605599e-01, -1.113517e-01, -4.654235e-03, 5.384538e-02, -1.113517e-01, 1.927872e-01
3.893476e-03, -1.878268e-03, 8.949509e-04, -1.372606e-03, -1.878268e-03, 4.121159e-02, -3.650702e-02, 5.468503e-02, 8.949509e-04, -3.650702e-02, 1.589213e-01, -1.132069e-01, -1.372606e-03, 5.468503e-02, -1.132069e-01, 1.849542e-01
3.502468e-03, -1.224737e-03, -8.268617e-04, 6.554841e-04, -1.224737e-03, 3.186472e-02, -2.071493e-02, 3.069745e-02, -8.268617e-04, -2.071493e-02, 1.684991e-01, -1.290853e-01, 6.554841e-04, 3.069745e-02, -1.290853e-01, 1.864864e-01
3.187559e-03, -1.223384e-03, -1.036668e-03, 8.131284e-04, -1.223384e-03, 2.410100e-02, -2.305571e-02, 2.206353e-02, -1.036668e-03, -2.305571e-02, 1.394898e-01, -1.007873e-01, 8.131284e-04, 2.206353e-02, -1.007873e-01, 1.497590e-01
3.659932e-03, 2.684249e-04, -4.881654e-03, 3.815142e-03, 2.684249e-04, 2.144501e-02, -3.241865e-02, 2.453091e-02, -4.881654e-03, -3.241865e-02, 1.312047e-01, -9.087960e-02, 3.815142e-03, 2.453091e-02, -9.087960e-02, 1.299564e-01
3.335764e-03, -3.712594e-04, -4.636365e-03, 2.492218e-03, -3.712594e-04, 2.313876e-02, -3.066327e-02, 2.054931e-02, -4.636365e-03, -3.066327e-02, 1.062302e-01, -7.063562e-02, 2.492218e-03, 2.054931e-02, -7.063562e-02, 1.022380e-01
3.739007e-03, 4.443136e-04, -4.241769e-03, 3.194076e-03, 4.443136e-04, 1.719027e-02, -2.307314e-02, 1.503517e-02, -4.241769e-03, -2.307314e-02, 7.371776e-02, -4.607329e-02, 3.194076e-03, 1.503517e-02, -4.607329e-02, 8.000274e-02
4.053294e-03, -1.927855e-04, -3.711719e-03, 2.588191e-03, -1.927855e-04, 1.556259e-02, -1.834543e-02, 1.232134e-02, -3.711719e-03, -1.834543e-02, 5.241539e-02, -2.930810e-02, 2.588191e-03, 1.232134e-02, -2.930810e-02, 6.446550e-02
4.498696e-03, 7.164817e-04, -3.386360e-03, 2.694340e-03, 7.164817e-04, 1.444114e-02, -1.464901e-02, 6.632365e-03, -3.386360e-03, -1.464901e-02, 3.921532e-02, -1.667200e-02, 2.694340e-03, 6.632365e-03, -1.667200e-02, 4.141678e-02
5.874522e-03, 4.028941e-04, -2.038463e-03, 1.286036e-03, 4.028941e-04, 1.082790e-02, -1.005296e-02, 1.950206e-03, -2.038463e-03, -1.005296e-02, 2.460220e-02, -7.797217e-03, 1.286036e-03, 1.950206e-03, -7.797217e-03, 2.648317e-02
4.824505e-03, 2.193729e-04, -2.404447e-04, 1.222255e-03, 2.193729e-04, 1.078795e-02, -9.980575e-03, 3.244015e-03, -2.404447e-04, -9.980575e-03, 2.064464e-02, -9.031170e-03, 1.222255e-03, 3.244015e-03, -9.031170e-03, 2.299824e-02
5.633212e-03, 5.838393e-04, 4.356313e-06, 3.765510e-03, 5.838393e-04, 9.477846e-03, -5.751527e-03, 2.255922e-04, 4.356313e-06, -5.751527e-03, 1.439258e-02, -6.854567e-03, 3.765510e-03, 2.255922e-04, -6.854567e-03, 2.662868e-02
6.496950e-03, 4.004218e-04, -1.237614e-03, 3.038700e-03, 4.004218e-04, 6.843963e-03, -2.637251e-03, -1.619535e-03, -1.237614e-03, -2.637251e-03, 1.091293e-02, -4.242845e-03, 3.038700e-03, -1.619535e-03, -4.242845e-03, 2.070724e-02
7.419915e-03, -1.186410e-03, 5.344400e-04, 2.975638e-03, -1.186410e-03, 8.348327e-03, -2.206802e-03, -3.332478e-03, 5.344400e-04, -2.206802e-03, 1.005834e-02, -2.668140e-03, 2.975638e-03, -3.332478e-03, -2.668140e-03, 1.959524e-02
7.275341e-03, -2.262265e-03, 6.370112e-05, 1.536230e-03, -2.262265e-03, 9.015376e-03, -2.936453e-03, -2.191697e-03, 6.370112e-05, -2.936453e-03, 9.631883e-03, -2.893294e-03, 1.536230e-03, -2.191697e-03, -2.893294e-03, 2.083411e-02
8.435783e-03, -1.603282e-03, -3.209691e-04, 6.487338e-06, -1.603282e-03, 7.539004e-03, -3.897027e-03, -2.451336e-03, -3.209691e-04, -3.897027e-03, 1.141943e-02, 1.281144e-03, 6.487338e-06, -2.451336e-03, 1.281144e-03, 2.193034e-02
